[1653]
[1654]
[1653]
[1652]
[1653]
[1654]
[1647]
[1647]
[1646]
[1647]
[1653]
[1654]
[1646]
[1647]
[1654]
[1653]
[1647]
[1653]
[1652]
[1654]
[1653]
[1653]
[1652]
[1653]
[1647]
[1654]
[1647]
[1646]
[1653]
[1654]
[1653]
[1652]
[1647]
[1654]
[1653]
[1646]
[1653]
[1654]
[1653]
[1652]
[1654]
[1653]
[1647]
[1646]
[1647]
[1653]
[1652]
[1647]
[1654]
[1653]
[1647]
[1654]
[1653]
[1646]
[1654]
[1653]
[1653]
[1647]
[1647]
[1653]
[1654]
[1646]
[1647]
[1647]
[1646]
[1653]
[1652]
[1654]
[1653]
[1653]
[1652]
[1654]
[1653]
[1653]
[1652]
[1652]
[1653]
[1654]
[1654]
[1653]
[1654]
[1653]
[1646]
[1647]
[1646]
[1654]
[1653]
[1647]
[1654]
[1653]
[1647]
[1646]
[1646]
[1647]
[1652]
[1653]
[1647]
[1653]
[1654]
[1647]
[1654]
[1653]
[1647]
[1654]
[1653]
[1653]
[1652]
[1653]
[1654]
[1653]
[1654]
[1647]
[1653]
[1652]
[1647]
[1653]
[1646]
[1647]
[1654]
[1653]
[1647]
[1646]
[1654]
[1653]
[1654]
[1653]
[1653]
[1647]
[1652]
[1646]
[1647]
[1654]
[1653]
[1652]
[1646]
[1647]
[1654]
[1653]
[1653]
[1653]
[1647]
[1652]
[1654]
[1646]
[1647]
[1654]
[1653]
[1646]
[1647]
[1653]
[1654]
[1647]
[1653]
[1652]
[1654]
[1653]
[1654]
[1653]
[1647]
[1653]
[1652]
[1647]
[1646]
[1654]
[1653]
[1653]
[1652]
[1647]
[1653]
[1654]
[1654]
[1653]
[1647]
[1646]
[1646]
[1647]
[1654]
[1653]
[1653]
[1652]
[1647]
[1653]
[1654]
[1646]
[1647]
[1653]
[1652]
[1647]
[1654]
[1653]
[1654]
[1653]
[1654]
[1653]
[1652]
[1653]
[1646]
[1647]
[1647]
[1654]
[1653]
[1652]
[1653]
[1653]
[1654]
[1647]
[1646]
[1647]
[1646]
[1647]
[1654]
[1653]
[1652]
[1653]
[1654]
[1653]
[1647]
[1654]
[1653]
[1647]
[1653]
[1654]
[1646]
[1647]
[1653]
[1652]
[1647]
[1647]
[1654]
[1653]
[1647]
[1653]
[1652]
[1647]
[1647]
[1653]
[1652]
[1654]
[1653]
[1654]
[1653]
[1646]
[1652]
[1653]
[1654]
[1646]
[1653]
[1654]
[1653]
[1646]
[1647]
[1653]
[1654]
[1654]
[1653]
[1647]
[1653]
[1652]
[1646]
[1654]
[1653]
[1647]
[1654]
[1653]
[1652]
[1653]
[1654]
[1653]
[1647]
[1653]
[1654]
[1646]
[1647]
[1647]
[1653]
[1652]
[1646]
[1653]
[1654]
[1653]
[1652]
[1646]
[1647]
[1647]
[1653]
[1647]
[1652]
[1652]
[1653]
[1653]
[1654]
[1647]
[1646]
[1647]
[1654]
[1653]
[1654]
[1653]
[1654]
[1653]
[1647]
[1647]
[1646]
[1654]
[1653]
[1646]
[1647]
[1654]
[1653]
[1653]
[1654]
[1653]
[1652]
[1654]
[1653]
[1652]
[1653]
[1654]
[1653]
[1646]
[1647]
[1654]
[1653]
[1653]
[1654]
[1647]
[1653]
[1652]
[1646]
[1654]
[1653]
[1647]
[1647]
[1647]
[1654]
[1653]
[1646]
[1653]
[1652]
[1653]
[1652]
[1647]
[1647]
[1654]
[1653]
[1654]
[1653]
[1647]
[1647]
[1653]
[1652]
[1654]
[1653]
[1653]
[1654]
[1646]
[1647]
[1647]
[1653]
[1652]
[1654]
[1653]
[1654]
[1653]
[1646]
[1647]
[1647]
[1653]
[1652]
[1647]
[1647]
[1652]
[1653]
[1654]
[1653]
[1646]
[1647]
[1653]
[1652]
[1654]
[1653]
[1654]
[1653]
[1646]
[1653]
[1652]
[1654]
[1654]
[1653]
[1653]
[1646]
[1654]
[1653]
[1647]
[1654]
[1653]
[1654]
[1653]
[1646]
[1647]
[1647]
[1647]
[1647]
[1646]
[1653]
[1652]
[1654]
[1653]
[1654]
[1653]
[1647]
[1647]
[1654]
[1653]
[1654]
[1653]
[1646]
[1654]
[1654]
[1653]
[1653]
[1646]
[1653]
[1652]
[1647]
[1647]
[1653]
[1652]
[1647]
[1647]
[1654]
[1646]
[1652]
[1653]
[1653]
[1654]
[1653]
[1647]
[1647]
[1653]
[1652]
[1654]
[1653]
[1646]
[1647]
[1647]
[1654]
[1653]
[1647]
[1653]
[1652]
[1652]
[1653]
[1647]
[1654]
[1654]
[1653]
[1653]
[1646]
[1653]
[1654]
[1647]
[1647]
[1646]
[1653]
[1654]
[1652]
[1653]
[1654]
[1653]
[1653]
[1654]
[1646]
[32]
[171]
[70]
[1668]
[5]
[120]
[2]
[7]
[4]
[93]
[34]
[8]
[2]
[4]
[22]
[123]
[4]
[81]
[28]
[4]
[22]
[123]
[4]
[81]
[28]
[4]
[81]
[28]
[4]
[28]
[123]
[4]
[81]
[123]
[22]
[22]
[4]
[4]
[278]
[58]
[3]
[51]
[96]
[50]
[81]
[94]
[2]
[53]
[70]
[9]
[39]
[220]
[4]
[40]
[30]
[14]
[163]
[120]
[350]
[48]
[15]
[118]
[14]
[9]
[1604]
[1604]
[9]
[9]
[1604]
[70]
[9]
[663]
[4]
[4]
[53]
[22]
[9]
[53]
[4]
[22]
[9]
[4]
[53]
[1036]
[1036]
[120]
[120]
[4]
[31]
[44]
[225]
[19]
[51]
[227]
[4]
[31]
[18]
[15]
[6]
[7]
[4]
[150]
[81]
[57]
[49]
[46]
[190]
[80]
[230]
[12]
[7]
[3]
[86]
[47]
[450]
[53]
[27]
[30]
[23]
[35]
[72]
[12]
[68]
[31]
[30]
[9]
[4]
[18]
[31]
[44]
[225]
[15]
[6]
[7]
[19]
[51]
[227]
[1669]
[1035]
[1669]
[1038]
[1670]
[247]
[8]
[1630]
[210]
[397]
[1541]
[1657]
[72]
[87]
[133]
[1638]
[28]
[665]
[8]
[1630]
[133]
[210]
[397]
[1638]
[1541]
[1657]
[72]
[87]
[28]
[665]
[8]
[1630]
[133]
[210]
[397]
[1638]
[1541]
[1657]
[72]
[87]
[28]
[665]
[309]
[210]
[1626]
[1617]
[1225]
[109]
[1609]
[1594]
[168]
[423]
[138]
[162]
[1654]
[1626]
[1617]
[210]
[1225]
[109]
[1609]
[1594]
[168]
[423]
[138]
[162]
[1654]
[1038]
[1667]
[407]
[81]
[81]
[407]
[81]
[407]
[13]
[83]
[206]
[367]
[243]
[187]
[132]
[331]
[174]
[9]
[800]
[561]
[96]
[34]
[99]
[72]
[138]
[99]
[138]
[1038]
[111]
[4]
[135]
[203]
[403]
[219]
[3]
[658]
[1037]
[1670]
[1668]
[1035]
[126]
[1669]
[1668]
[1581]
[1582]
[1591]
[1583]
[1581]
[1591]
[1574]
[1577]
[1582]
[1552]
[1579]
[1566]
[1581]
[1569]
[1670]
[1037]
[1668]
[1669]
[1036]
[99]
[1036]
[1037]
[1667]
[4]
[33]
[175]
[14]
[129]
[12]
[30]
[2]
[70]
[128]
[107]
[128]
[103]
[108]
[102]
[105]
[1719]
[1720]
[1720]
[1720]
[1720]
[1720]
[1720]
[1721]
[1721]
[1281]
[1721]
[1723]
[1759]
[1718]
[1721]
[1721]
[1721]
[933]
[1762]
[1744]
[1142]
[600]
[600]
[600]
[600]
[600]
[601]
[601]
[600]
[600]
[600]
[601]
[601]
[601]
[601]
[601]
[927]
[943]
[1719]
[1712]
[1717]
[1717]
[1710]
[1707]
[1715]
[1705]
[1321]
[1321]
[1323]
[1323]
[1326]
[1326]
[1326]
[1326]
[1722]
[1722]
[1722]
[544]
[1723]
[1723]
[1723]
[1722]
[1722]
[1722]
[1722]
[1722]
[1721]
[1717]
[1722]
[1720]
[1722]
[1245]
[1721]
[1721]
[1721]
[1722]
[1722]
[1721]
[1721]
[1721]
[1721]
[1718]
[1754]
[1722]
[1722]
[1715]
[1715]
[1723]
[1716]
[1719]
[1719]
[1721]
[1722]
[1722]
[1757]
[1756]
[1721]
[1721]
[1697]
[1700]
[1704]
[1705]
[1706]
[1707]
[1707]
[1707]
[1708]
[1710]
[1711]
[1714]
[1715]
[1716]
[1718]
[1722]
[1744]
[231]
[201]
[221]
[201]
[1719]
[1719]
[1721]
[1710]
[1708]
[1710]
[1710]
[1719]
[1724]
[1724]
[1730]
[1707]
[1708]
[1708]
[1708]
[1709]
[1710]
[1710]
[1723]
[1723]
[1706]
[1707]
[1712]
[1712]
[1712]
[1714]
[1715]
[1716]
[1716]
[1716]
[1717]
[1717]
[1718]
[1718]
[1718]
[1718]
[1719]
[1719]
[1722]
[1723]
[1724]
[1725]
[1727]
[1728]
[1730]
[1731]
[1733]
[1719]
[6]
[4]
[1270]
[1270]
[1737]
[1314]
[1314]
[1267]
[1314]
[1720]
[1717]
[1741]
[1741]
[4]
[4]
[4]
[1719]
[1755]
[1755]
[1720]
[1719]
[1720]
[1759]
[1707]
[1708]
[1719]
[1719]
[1719]
[1719]
[1719]
[1719]
[1719]
[1727]
[1718]
[1717]
[1718]
[1716]
[1720]
[1719]
[1719]
[1719]
[1758]
[1737]
[1750]
[1742]
[1745]
[1737]
[1740]
[1741]
[1728]
[1738]
[1742]
[1741]
[1742]
[1738]
[1743]
[1744]
[1751]
[1746]
[1729]
[1738]
[1749]
[1739]
[1741]
[1740]
[1748]
[1738]
[1743]
[1741]
[1740]
[1741]
[1737]
[1742]
[1750]
[1745]
[1728]
[1737]
[1746]
[1743]
[1748]
[1756]
[1743]
[1754]
[1744]
[1749]
[1751]
[1734]
[1746]
[1720]
[1721]
[1721]
[1721]
[1721]
[1321]
[1717]
[1718]
[1718]
[1721]
[1719]
[1142]
[1260]
[1719]
[1722]
[1722]
[1719]
[1719]
[1723]
[1722]
[1722]
[1722]
[1722]
[1739]
[1740]
[1705]
[1706]
[1711]
[1719]
[1718]
[1722]
[1722]
[1721]
[1267]
[1722]
[1722]
[1723]
[1486]
[1486]
[1486]
[1493]
[1487]
[1487]
[1494]
[1494]
[1398]
[1412]
[1423]
[1423]
[1419]
[1430]
[1424]
[1418]
[1438]
[1429]
[1401]
[1416]
[1415]
[1414]
[1412]
[1409]
[1415]
[1437]
[1425]
[1421]
[1442]
[1453]
[1457]
[1454]
[1453]
[1437]
[1434]
[1496]
[1724]
[1721]
[1721]
[1721]
[1721]
[1718]
[1723]
[1720]
[1718]
[17]
[5]
[3]
[55]
[125]
[12]
[73]
[1]
[2]
[87]
[24]
[50]
[3]
[3]
[431]
[100]
[9]
[253]
[24]
[137]
[198]
[42]
[159]
[20]
[30]
[17]
[63]
[111]
[66]
[78]
[73]
[240]
[75]
[26]
[119]
[64]
[149]
[14]
[15]
[20]
[233]
[12]
[213]
[67]
[13]
[157]
[91]
[10]
[75]
[73]
[13]
[129]
[84]
[2]
[2]
[4]
[8]
[8]
[4]
[20]
[71]
[80]
[144]
[128]
[102]
[126]
[19]
[21]
[4]
[7]
[56]
[36]
[12]
[55]
[12]
[15]
[85]
[11]
[12]
[6]
[5]
[34]
[33]
[124]
[7]
[204]
[40]
[56]
[98]
[45]
[17]
[268]
[13]
[68]
[14]
[90]
[37]
[116]
[3]
[1714]
[1714]
[1714]
[1714]
[1714]
[1705]
[1705]
[1705]
[1705]
[1705]
[1722]
[1722]
[1722]
[1722]
[1722]
[1722]
[1721]
[1721]
[1721]
[1718]
[1718]
[1722]
[1722]
[1722]
[1721]
[1721]
[1721]
[1723]
[1721]
[1721]
[1721]
[1721]
[1721]
[1721]
[1722]
[1309]
[1309]
[1309]
[1280]
[1305]
[1305]
[1305]
[1305]
[1305]
[1305]
[1301]
[1301]
[1301]
[1301]
[1301]
[1272]
[1293]
[1293]
[1293]
[1293]
[1293]
[1289]
[1289]
[1289]
[1289]
[1289]
[1260]
[1721]
[1263]
[1379]
[1451]
[1361]
[1358]
[1269]
[1721]
[1720]
[1142]
[1583]
[1583]
[1721]
[1719]
[1719]
[1719]
[1717]
[1717]
[1717]
[1717]
[1721]
[1718]
[1718]
[1719]
[1719]
[1721]
[1721]
[1721]
[1721]
[1275]
[1718]
[1718]
[1718]
[1718]
[1718]
[1719]
[1719]
[1719]
[1719]
[1722]
[1722]
[1718]
[1718]
[1718]
[1718]
[1718]
[1717]
[1719]
[1719]
[1722]
[746]
[67]
[39]
[1720]
[1739]
[1715]
[1715]
[1715]
[1720]
[1723]
[1721]
[1717]
[1720]
[1720]
[1720]
[1264]
[1743]
[1721]
[1721]
[1721]
[1274]
[1719]
[1717]
[1717]
[1738]
[1720]
[1244]
[1263]
[1278]
[1325]
[1278]
[1278]
[1325]
[1278]
[1262]
[1317]
[1748]
[1748]
[1596]
[1522]
[1521]
[1720]
[1274]
[1270]
[1270]
[1270]
[1720]
[1720]
[1721]
[1720]
[1720]
[1719]
[1719]
[1719]
[1719]
[1719]
[1719]
[1717]
[1281]
[1269]
[1583]
[1262]
[1719]
[1722]
[1722]
[1267]
[1264]
[1264]
[1264]
[1719]
[1717]
[1717]
[1274]
[1274]
[1302]
[1274]
[1758]
[1264]
[1317]
[1716]
[1727]
[1730]
[1730]
[1730]
[1732]
[1717]
[1728]
[1731]
[1731]
[1731]
[1733]
[1735]
[1721]
[1732]
[1735]
[1735]
[1737]
[1743]
[1719]
[1269]
[1274]
[1268]
[1268]
[1268]
[1268]
[1309]
[1717]
[1270]
[1718]
[1722]
[1338]
[1337]
[1744]
[1721]
[1722]
[1719]
[1338]
[1261]
[1262]
[1262]
[1262]
[1309]
[1262]
[1262]
[1262]
[1645]
[1645]
[1275]
[1275]
[1718]
[300]
[1752]
[1753]
[1269]
[1269]
[1269]
[1718]
[1277]
[1277]
[1277]
[1267]
[1769]
[1769]
[1768]
[1726]
[1727]
[1717]
[1727]
[1720]
[1726]
[1727]
[1727]
[1728]
[1723]
[1725]
[1718]
[1712]
[1700]
[1700]
[1700]
[1700]
[1700]
[1700]
[1700]
[1700]
[1700]
[1707]
[1717]
[1705]
[1713]
[1715]
[1713]
[1714]
[1716]
[1728]
[1723]
[1725]
[1719]
[1708]
[1708]
[1708]
[1709]
[1717]
[1756]
[1267]
[1267]
[1267]
[1721]
[1718]
[1722]
[1722]
[1269]
[1316]
[1269]
[1721]
[1721]
[1721]
[1274]
[1270]
[1722]
[1721]
[1721]
[1270]
[1270]
[1270]
[1139]
[1720]
[1720]
[1720]
[1270]
[1721]
[1721]
[1722]
[1263]
[1264]
[1269]
[1719]
[1721]
[1735]
[1734]
[1266]
[1723]
[1724]
[1724]
[1270]
[1270]
[1316]
[1316]
[1717]
[1721]
[1721]
[1263]
[1263]
[1263]
[1310]
[1264]
[1716]
[1716]
[1264]
[1264]
[1269]
[1269]
[1274]
[1274]
[1274]
[1274]
[1274]
[1274]
[1270]
[1270]
[1269]
[1269]
[1269]
[1275]
[1275]
[1275]
[1272]
[1272]
[1272]
[1719]
[1262]
[1262]
[1262]
[1715]
[1723]
[1723]
[1270]
[1270]
[1317]
[1317]
[1719]
[1270]
[1270]
[1270]
[1270]
[1270]
[1272]
[1272]
[1272]
[1272]
[1274]
[1274]
[1274]
[1274]
[1719]
[1270]
[1263]
[1265]
[1265]
[1716]
[1263]
[1321]
[1321]
[1274]
[1274]
[1321]
[1274]
[1274]
[1274]
[1270]
[1270]
[1270]
[1270]
[1270]
[1721]
[308]
[1317]
[1722]
[1291]
[1202]
[1264]
[1317]
[1270]
[1198]
[1729]
[1721]
[1721]
[1270]
[1255]
[1255]
[1255]
[1498]
[1310]
[1270]
[1270]
[1298]
[1298]
[1245]
[1245]
[1274]
[1274]
[1272]
[1272]
[1274]
[1274]
[1274]
[1270]
[1270]
[1274]
[1274]
[1274]
[1274]
[1321]
[1321]
[1268]
[1268]
[1274]
[1274]
[1720]
[1720]
[1320]
[1320]
[1263]
[1263]
[1309]
[1309]
[1259]
[1259]
[1259]
[1268]
[1268]
[1274]
[1272]
[1272]
[1274]
[1274]
[1277]
[1277]
[1310]
[1738]
[1278]
[1278]
[1314]
[1314]
[1274]
[1274]
[1255]
[1255]
[1255]
[1255]
[1255]
[1255]
[1255]
[1255]
[1721]
[1721]
[1248]
[1248]
[1274]
[1274]
[1274]
[1270]
[1270]
[1268]
[1315]
[1270]
[1270]
[1250]
[1250]
[1255]
[1255]
[1255]
[1255]
[1277]
[1263]
[1263]
[1254]
[1254]
[1269]
[1269]
[1269]
[1269]
[1266]
[1266]
[1310]
[1310]
[1273]
[1273]
[1273]
[1273]
[2]
[500]
[1]
[47]
[4]
[13]
[143]
[5]
[180]
[195]
[2]
[180]
[2]
[2]
[500]
[500]
[47]
[4]
[13]
[143]
[20]
[5]
[180]
[195]
[2]
[47]
[4]
[13]
[143]
[20]
[5]
[195]
[2]
[1273]
[1273]
[1313]
[215]
[90]
[17]
[10]
[215]
[12]
[55]
[14]
[4]
[267]
[4]
[4]
[5]
[51]
[143]
[5]
[1270]
[1270]
[4]
[5]
[51]
[4]
[143]
[5]
[1721]
[1721]
[1273]
[1320]
[1267]
[1267]
[1267]
[1267]
[1270]
[1270]
[1273]
[1273]
[1263]
[1263]
[1263]
[1263]
[1310]
[1310]
[1274]
[1274]
[1316]
[1301]
[1264]
[1720]
[1274]
[1274]
[1270]
[1274]
[1274]
[1303]
[1274]
[1274]
[958]
[1145]
[1320]
[1311]
[1311]
[1274]
[1274]
[1274]
[1713]
[1268]
[1268]
[1268]
[1268]
[1263]
[1270]
[1270]
[1722]
[1267]
[1267]
[937]
[1274]
[1274]
[1273]
[1273]
[1274]
[1564]
[1451]
[1508]
[1514]
[1517]
[1507]
[1507]
[1507]
[1514]
[1517]
[1512]
[1511]
[1512]
[1512]
[1514]
[1514]
[1510]
[1512]
[1512]
[1526]
[1510]
[1510]
[1526]
[1517]
[1520]
[1536]
[1520]
[1520]
[1520]
[1536]
[1520]
[1520]
[1520]
[1520]
[1520]
[1520]
[1274]
[1274]
[1274]
[1274]
[1140]
[1270]
[1270]
[1274]
[1274]
[1314]
[1314]
[1270]
[1270]
[1320]
[1320]
[1274]
[1317]
[1314]
[1314]
[1294]
[1321]
[1321]
[1264]
[1273]
[1273]
[1274]
[1274]
[1274]
[1274]
[1321]
[1321]
[1317]
[1317]
[1317]
[1245]
[1271]
[1265]
[1265]
[1271]
[1271]
[1271]
[1270]
[1270]
[1273]
[1273]
[1274]
[1274]
[1317]
[1270]
[1270]
[1269]
[1269]
[1269]
[1314]
[1314]
[1268]
[1266]
[1266]
[1266]
[1268]
[1274]
[1274]
[1274]
[1251]
[1251]
[1722]
[1722]
[1273]
[1255]
[1255]
[1319]
[1319]
[1720]
[1257]
[1257]
[1270]
[1270]
[1321]
[1269]
[1717]
[1717]
[1274]
[1248]
[1248]
[1273]
[1273]
[1745]
[1318]
[1270]
[1272]
[1270]
[1272]
[1274]
[1274]
[1274]
[1274]
[1270]
[1270]
[1273]
[1273]
[1265]
[1265]
[1270]
[1270]
[1270]
[1270]
[1245]
[1245]
[1273]
[1273]
[1267]
[1267]
[1270]
[1270]
[1270]
[1270]
[1267]
[1267]
[1274]
[1274]
[1269]
[1269]
[1270]
[1270]
[1270]
[1317]
[1262]
[1262]
[1315]
[1273]
[1315]
[1273]
[1264]
[1253]
[1264]
[1253]
[1273]
[1273]
[1275]
[1275]
[1255]
[1255]
[1321]
[1321]
[1270]
[1270]
[1268]
[1268]
[1269]
[1269]
[1270]
[1270]
[1274]
[1274]
[1274]
[1274]
[1269]
[1269]
[1274]
[1316]
[1269]
[1753]
[1150]
[1720]
[1718]
[1722]
[1722]
[1722]
[1717]
[1717]
[1728]
[1732]
[1734]
[1735]
[1733]
[1728]
[1723]
[1726]
[1726]
[1726]
[1726]
[1726]
[1726]
[1730]
[1734]
[1719]
[1719]
[1721]
[1738]
[1727]
[1731]
[1733]
[1734]
[1732]
[1727]
[1754]
[1721]
[1718]
[1718]
[1718]
[1718]
[1718]
[1718]
[1730]
[1727]
[1743]
[1730]
[1726]
[1720]
[1718]
[1719]
[1741]
[1749]
[1719]
[1717]
[1717]
[1717]
[1717]
[1718]
[1718]
[1718]
[1718]
[1718]
[1729]
[1724]
[1733]
[1730]
[1730]
[1730]
[1732]
[1727]
[1732]
[1733]
[1733]
[1731]
[1732]
[1723]
[1727]
[1727]
[1725]
[1729]
[1729]
[1741]
[1730]
[1727]
[1743]
[1730]
[1726]
[1720]
[1717]
[1719]
[1718]
[1750]
[1729]
[1727]
[1725]
[1729]
[1729]
[1732]
[1718]
[1719]
[1717]
[1717]
[1717]
[1717]
[1718]
[1718]
[1718]
[1718]
[1718]
[1724]
[1733]
[1730]
[1730]
[1730]
[1732]
[1727]
[1732]
[1733]
[1733]
[1731]
[1723]
[1727]
[1742]
[1731]
[1728]
[1744]
[1718]
[1718]
[1718]
[1720]
[1719]
[1731]
[1727]
[1721]
[1749]
[1728]
[1726]
[1730]
[1729]
[1730]
[1719]
[1720]
[1718]
[1718]
[1718]
[1718]
[1719]
[1719]
[1719]
[1719]
[1719]
[1725]
[1734]
[1731]
[1731]
[1731]
[1733]
[1728]
[1733]
[1734]
[1734]
[1732]
[1733]
[1724]
[1728]
[1741]
[1741]
[1713]
[1705]
[1705]
[1705]
[1705]
[1705]
[1705]
[1709]
[1708]
[1713]
[1706]
[1711]
[1707]
[1707]
[1707]
[1707]
[1707]
[1707]
[1711]
[1711]
[1711]
[1711]
[1711]
[1718]
[1718]
[1718]
[1718]
[1725]
[1725]
[1725]
[1725]
[1725]
[1725]
[1727]
[1727]
[1727]
[1727]
[1727]
[1727]
[1727]
[1727]
[1727]
[1727]
[1727]
[1727]
[1727]
[1728]
[1731]
[1745]
[1748]
[1709]
[1702]
[1705]
[1741]
[1705]
[1718]
[1718]
[1718]
[1718]
[1718]
[1718]
[1718]
[1718]
[1718]
[1723]
[1741]
[1741]
[1741]
[1730]
[1726]
[1720]
[1730]
[1727]
[1743]
[1724]
[1732]
[1725]
[1724]
[1718]
[1718]
[1719]
[1727]
[1737]
[1749]
[1718]
[1719]
[1717]
[1717]
[1717]
[1717]
[1718]
[1718]
[1718]
[1718]
[1718]
[1727]
[1725]
[1729]
[1729]
[1729]
[1729]
[1724]
[1733]
[1730]
[1730]
[1730]
[1732]
[1727]
[1732]
[1733]
[1733]
[1731]
[1732]
[1723]
[1727]
[1741]
[1741]
[1741]
[1741]
[1741]
[1730]
[1727]
[1743]
[1730]
[1726]
[1720]
[1749]
[1727]
[1725]
[1729]
[1729]
[1729]
[1718]
[1719]
[1717]
[1717]
[1717]
[1717]
[1718]
[1718]
[1718]
[1718]
[1718]
[1724]
[1733]
[1730]
[1730]
[1730]
[1732]
[1727]
[1732]
[1733]
[1733]
[1731]
[1732]
[1723]
[1727]
[1741]
[1741]
[1741]
[1730]
[1727]
[1743]
[1730]
[1726]
[1720]
[1717]
[1717]
[1717]
[1719]
[1718]
[1749]
[1718]
[1719]
[1717]
[1717]
[1717]
[1717]
[1718]
[1718]
[1718]
[1718]
[1718]
[1729]
[1727]
[1725]
[1729]
[1729]
[1724]
[1733]
[1730]
[1730]
[1730]
[1732]
[1727]
[1732]
[1733]
[1733]
[1731]
[1732]
[1723]
[1727]
[1730]
[1726]
[1720]
[1741]
[1730]
[1727]
[1743]
[1717]
[1717]
[1717]
[1717]
[1718]
[1718]
[1719]
[1718]
[1720]
[1721]
[1721]
[1721]
[1668]
[948]
[948]
[1722]
[948]
[1721]
[948]
[1645]
[1540]
[745]
[1213]
[1721]
[108]
[517]
[529]
[1145]
[1723]
[1723]
[1722]
[1722]
[1718]
[1718]
[1721]
[1720]
[1720]
[1145]
[1745]
[1722]
[1722]
[1719]
[1719]
[1719]
[1721]
[1721]
[1725]
[1139]
[722]
[1722]
[1719]
[1719]
[1718]
[1720]
[1720]
[1723]
[1722]
[1722]
[1721]
[283]
[1722]
[1722]
[1722]
[1719]
[1719]
[1141]
[1762]
[1765]
[1737]
[1739]
[1742]
[1750]
[1750]
[1753]
[283]
[1722]
[1722]
[1721]
[1751]
[1753]
[1755]
[1756]
[283]
[634]
[1722]
[1722]
[80]
[4]
[31]
[7]
[7]
[4]
[283]
[1722]
[1722]
[1761]
[1764]
[1750]
[1736]
[1737]
[1737]
[1737]
[1738]
[1739]
[1739]
[1739]
[1740]
[1741]
[1742]
[1743]
[1745]
[1745]
[1745]
[1747]
[1749]
[1750]
[1750]
[1750]
[1751]
[1752]
[1756]
[1761]
[1764]
[1748]
[1720]
[1741]
[1718]
[1718]
[283]
[1721]
[1721]
[283]
[1720]
[1720]
[283]
[1721]
[1720]
[1721]
[1718]
[1718]
[283]
[4]
[4]
[8]
[283]
[1717]
[603]
[1671]
[1680]
[283]
[6]
[98]
[98]
[98]
[98]
[283]
[283]
[1319]
[1319]
[1319]
[1319]
[1319]
[1319]
[1319]
[1319]
[1319]
[1319]
[1319]
[1319]
[1319]
[1319]
[1319]
[1319]
[1319]
[1319]
[283]
[937]
[1721]
[1433]
[1433]
[1433]
[1433]
[1433]
[1433]
[1433]
[1433]
[1433]
[1433]
[1433]
[1433]
[1440]
[1440]
[1440]
[283]
[1718]
[283]
[945]
[603]
[820]
[1721]
[1354]
[1354]
[1354]
[1354]
[1354]
[1354]
[1354]
[1354]
[1317]
[1317]
[1317]
[283]
[1252]
[1252]
[1317]
[1317]
[1317]
[1318]
[1317]
[1317]
[1317]
[1317]
[1317]
[1317]
[1317]
[1091]
[1190]
[1152]
[1148]
[1135]
[1141]
[1153]
[1195]
[1196]
[1198]
[1195]
[1197]
[1210]
[1188]
[1187]
[1189]
[1189]
[1193]
[1188]
[1188]
[1189]
[1201]
[1189]
[1194]
[1188]
[1181]
[1178]
[1186]
[1181]
[1186]
[1170]
[1161]
[1164]
[1155]
[1169]
[1173]
[1166]
[1217]
[1220]
[1220]
[1220]
[1179]
[1135]
[1135]
[1238]
[1217]
[1135]
[1135]
[1238]
[1135]
[1135]
[1241]
[1135]
[1135]
[1241]
[1135]
[1135]
[1238]
[283]
[1135]
[1135]
[1238]
[1135]
[1135]
[1238]
[1135]
[1135]
[1238]
[1432]
[1432]
[1432]
[1316]
[1316]
[1316]
[1316]
[1316]
[1316]
[1316]
[1316]
[1316]
[283]
[1316]
[1316]
[1316]
[1316]
[1316]
[1316]
[1316]
[1316]
[1316]
[1316]
[1316]
[1316]
[1316]
[1316]
[1316]
[1488]
[1441]
[1441]
[1441]
[1441]
[1441]
[1441]
[1441]
[1441]
[1441]
[1316]
[1316]
[1316]
[1316]
[1316]
[1316]
[1316]
[1316]
[1316]
[1316]
[1316]
[1317]
[1317]
[1317]
[1212]
[1212]
[1212]
[1212]
[1212]
[1212]
[1212]
[1372]
[1372]
[1372]
[1373]
[1372]
[1372]
[1372]
[1372]
[1372]
[1372]
[1372]
[1207]
[1208]
[1207]
[1207]
[1207]
[1207]
[1207]
[1316]
[1316]
[1316]
[283]
[1720]
[1719]
[1723]
[1723]
[1720]
[283]
[1719]
[1692]
[1716]
[1714]
[1692]
[1635]
[1697]
[1717]
[1729]
[1701]
[1680]
[1682]
[1684]
[1688]
[1693]
[1684]
[1683]
[1684]
[1686]
[1689]
[1647]
[1707]
[1707]
[1708]
[1707]
[1686]
[1659]
[1662]
[1664]
[1671]
[1668]
[1669]
[1673]
[1666]
[1671]
[1672]
[1664]
[1664]
[1665]
[1666]
[1670]
[1666]
[1707]
[283]
[1743]
[1754]
[1757]
[1725]
[1725]
[1748]
[1748]
[1717]
[1718]
[1724]
[1724]
[1728]
[1731]
[1733]
[1736]
[1736]
[1736]
[1736]
[1738]
[1739]
[1739]
[1739]
[1739]
[1740]
[1740]
[1740]
[1742]
[1745]
[1745]
[1745]
[1746]
[1746]
[1747]
[1747]
[1748]
[1749]
[1749]
[1761]
[603]
[283]
[1307]
[1304]
[283]
[1719]
[1720]
[1720]
[1720]
[1720]
[1720]
[1720]
[283]
[1721]
[1721]
[283]
[1720]
[1720]
[1720]
[1721]
[1720]
[1719]
[283]
[1719]
[1720]
[1719]
[283]
[1722]
[603]
[283]
[1549]
[1718]
[1751]
[1754]
[1755]
[1753]
[283]
[283]
[1142]
[1720]
[1718]
[1718]
[1721]
[1720]
[1722]
[1722]
[1721]
[1723]
[1722]
[1722]
[1722]
[1142]
[1722]
[1720]
[1720]
[1720]
[1724]
[1721]
[1719]
[1723]
[1723]
[1722]
[278]
[119]
[186]
[4]
[4]
[157]
[51]
[61]
[349]
[1718]
[1723]
[1722]
[1720]
[1721]
[1721]
[1566]
[1720]
[1719]
[1751]
[1755]
[1751]
[1755]
[215]
[20]
[2]
[4]
[14]
[14]
[65]
[101]
[20]
[26]
[73]
[159]
[76]
[37]
[4]
[46]
[26]
[117]
[62]
[1718]
[945]
[945]
[1722]
[1722]
[1722]
[933]
[1723]
[1715]
[1715]
[1722]
[1719]
[1714]
[1719]
[1721]
[937]
[1753]
[933]
[1721]
[958]
[1722]
[1780]
[937]
[933]
[1722]
[1715]
[1720]
[1752]
[1751]
[1084]
[1722]
[1720]
[1675]
[1135]
[1722]
[1720]
[1720]
[1720]
[1720]
[1751]
[1753]
[1544]
[1721]
[1721]
[557]
[1719]
[1719]
[1721]
[1721]
[1142]
[1307]
[1723]
[1745]
[1720]
[1720]
[1720]
[1720]
[1720]
[557]
[1723]
[1719]
[1719]
[1720]
[557]
[1754]
[1142]
[1722]
[1753]
[1715]
[1720]
[1720]
[1720]
[1715]
[1721]
[1721]
[1719]
[1742]
[1755]
[1756]
[1720]
[1719]
[1729]
[1722]
[1202]
[1202]
[1755]
[1528]
[1721]
[1721]
[1710]
[1721]
[12]
[32]
[3]
[4]
[16]
[6]
[9]
[11]
[12]
[32]
[3]
[4]
[16]
[6]
[9]
[11]
[1742]
[1762]
[1703]
[1410]
[1410]
[1719]
[1506]
[1499]
[1506]
[1506]
[1482]
[1482]
[937]
[1709]
[1709]
[1709]
[1709]
[1709]
[1711]
[1711]
[1730]
[1725]
[1735]
[1734]
[1712]
[1712]
[1712]
[1711]
[1712]
[1736]
[1702]
[1720]
[1720]
[1720]
[1720]
[1511]
[1721]
[1721]
[1721]
[1721]
[1720]
[937]
[1767]
[1719]
[1711]
[1712]
[1713]
[1701]
[1701]
[1701]
[1701]
[1699]
[1699]
[1699]
[1699]
[1699]
[1699]
[1699]
[1699]
[1693]
[1711]
[1711]
[1711]
[1705]
[1712]
[1724]
[1729]
[1731]
[1734]
[1734]
[1735]
[1737]
[1742]
[1735]
[1736]
[1718]
[1751]
[1752]
[1333]
[1721]
[933]
[943]
[1716]
[6]
[6]
[114]
[26]
[26]
[52]
[64]
[16]
[137]
[107]
[31]
[4]
[1721]
[1720]
[1720]
[1720]
[1727]
[1716]
[1705]
[1706]
[1709]
[1711]
[1711]
[1711]
[1713]
[1714]
[1715]
[1715]
[1715]
[1716]
[1716]
[1717]
[1717]
[1717]
[1717]
[1718]
[1718]
[1721]
[1722]
[1723]
[1724]
[1726]
[1727]
[1729]
[1730]
[1732]
[1717]
[1718]
[1721]
[1722]
[1723]
[1724]
[1726]
[1729]
[1730]
[1705]
[1706]
[1711]
[1711]
[1711]
[1713]
[1714]
[1715]
[1715]
[1715]
[1716]
[1716]
[1717]
[1717]
[1717]
[1718]
[1727]
[1732]
[1721]
[1721]
[172]
[14]
[51]
[106]
[95]
[3]
[4]
[92]
[62]
[102]
[1718]
[172]
[51]
[95]
[3]
[4]
[92]
[62]
[178]
[102]
[172]
[51]
[95]
[3]
[4]
[92]
[62]
[178]
[102]
[172]
[51]
[95]
[3]
[4]
[92]
[62]
[178]
[102]
[172]
[51]
[95]
[3]
[4]
[92]
[62]
[178]
[102]
[1726]
[1729]
[1729]
[1729]
[1731]
[1719]
[1717]
[1723]
[1723]
[1186]
[1756]
[1736]
[569]
[1720]
[1719]
[1719]
[1723]
[1740]
[1735]
[1740]
[1741]
[1747]
[1747]
[1752]
[1755]
[1759]
[1715]
[1716]
[1722]
[1722]
[1726]
[1730]
[1731]
[1734]
[1734]
[1734]
[1737]
[1737]
[1737]
[1738]
[1738]
[1740]
[1742]
[1743]
[1743]
[1743]
[1744]
[1745]
[1745]
[1746]
[1747]
[1747]
[1759]
[1723]
[1723]
[1734]
[1737]
[1744]
[1746]
[1746]
[1760]
[1186]
[1202]
[1197]
[1197]
[1197]
[1192]
[1720]
[1753]
[1753]
[1719]
[569]
[1713]
[1721]
[1721]
[1745]
[1751]
[1143]
[1717]
[1720]
[1747]
[1718]
[1718]
[1301]
[1141]
[569]
[1720]
[1719]
[704]
[1723]
[1723]
[1752]
[1754]
[937]
[1723]
[1723]
[1489]
[1721]
[1721]
[1721]
[945]
[1717]
[1718]
[897]
[6]
[1752]
[1721]
[1720]
[1718]
[1300]
[1753]
[1754]
[1721]
[620]
[933]
[1743]
[900]
[900]
[1720]
[1719]
[1722]
[1755]
[1756]
[1755]
[1718]
[1714]
[1727]
[1727]
[1727]
[1586]
[1722]
[1722]
[600]
[601]
[601]
[600]
[600]
[600]
[600]
[600]
[601]
[601]
[601]
[601]
[601]
[601]
[601]
[601]
[601]
[600]
[600]
[600]
[601]
[1721]
[1359]
[1359]
[1724]
[1724]
[1721]
[1721]
[1721]
[1721]
[1703]
[1142]
[1716]
[1717]
[1341]
[1341]
[1341]
[1263]
[1295]
[1289]
[1289]
[1289]
[1245]
[1245]
[1289]
[1289]
[1289]
[1289]
[1289]
[1246]
[1246]
[1289]
[1289]
[1289]
[1290]
[1257]
[1289]
[1289]
[1289]
[1289]
[1289]
[1289]
[1289]
[1289]
[1289]
[1289]
[1289]
[1289]
[1289]
[1289]
[1341]
[1341]
[1341]
[1263]
[1295]
[1289]
[1289]
[1245]
[1245]
[1289]
[1289]
[1289]
[1247]
[1247]
[1252]
[1252]
[1267]
[1244]
[1247]
[1254]
[1254]
[1260]
[1259]
[1263]
[1289]
[1289]
[1289]
[1289]
[1289]
[1289]
[1289]
[1289]
[1289]
[1289]
[1289]
[1289]
[1289]
[1289]
[1289]
[1289]
[1289]
[1289]
[1289]
[1289]
[1289]
[1289]
[1278]
[1280]
[1281]
[1278]
[1273]
[1266]
[1271]
[1264]
[1262]
[1260]
[1258]
[1260]
[1280]
[1271]
[1261]
[1285]
[1281]
[1282]
[1281]
[1282]
[1280]
[1287]
[1287]
[1289]
[1289]
[1289]
[1718]
[1719]
[1747]
[1722]
[1720]
[1721]
[1721]
[1720]
[544]
[1139]
[1722]
[1745]
[1720]
[1720]
[1723]
[1721]
[4]
[4]
[4]
[1467]
[1723]
[1765]
[1763]
[1746]
[1742]
[1744]
[1742]
[1747]
[1755]
[1745]
[1745]
[1746]
[1755]
[1757]
[1746]
[1747]
[1735]
[1749]
[1743]
[1758]
[1733]
[1748]
[1746]
[1747]
[1747]
[1749]
[1722]
[1722]
[4]
[3]
[3]
[4]
[4]
[4]
[4]
[544]
[958]
[1720]
[1721]
[1313]
[1313]
[4]
[4]
[4]
[1722]
[1723]
[1717]
[23]
[24]
[10]
[23]
[14]
[10]
[78]
[14]
[10]
[78]
[14]
[4]
[4]
[4]
[13]
[5]
[1722]
[1722]
[1722]
[1231]
[1723]
[1295]
[1295]
[544]
[1272]
[1272]
[1272]
[1722]
[1722]
[1755]
[1755]
[4]
[21]
[544]
[1719]
[1144]
[1764]
[1721]
[1710]
[1710]
[1710]
[1710]
[1710]
[1712]
[1712]
[1712]
[1712]
[1715]
[1715]
[1715]
[1715]
[1716]
[1717]
[1717]
[1717]
[1718]
[1718]
[1718]
[1718]
[1718]
[1718]
[1718]
[1719]
[1719]
[1719]
[1719]
[1720]
[1721]
[1721]
[1722]
[1715]
[1716]
[1718]
[1721]
[1723]
[1724]
[1728]
[1732]
[1736]
[1737]
[1759]
[1762]
[1722]
[1716]
[1745]
[1590]
[1722]
[1349]
[1350]
[1344]
[1721]
[19]
[4]
[1722]
[1421]
[1422]
[4]
[371]
[67]
[4]
[4]
[4]
[44]
[57]
[42]
[9]
[1722]
[1721]
[1722]
[1724]
[1721]
[1744]
[1722]
[1733]
[1736]
[1736]
[1738]
[1734]
[1745]
[1723]
[1734]
[1737]
[1737]
[1737]
[1739]
[1721]
[1721]
[1724]
[1725]
[1718]
[1722]
[1721]
[1721]
[1723]
[1723]
[1720]
[1720]
[1724]
[1724]
[1722]
[1723]
[1723]
[1721]
[1720]
[1720]
[1721]
[1719]
[1722]
[1725]
[1725]
[1723]
[1723]
[10]
[4]
[1755]
[1754]
[1722]
[1722]
[1722]
[1723]
[1724]
[1760]
[1542]
[120]
[108]
[462]
[27]
[82]
[1668]
[1678]
[691]
[1763]
[1761]
[1761]
[1761]
[1761]
[1761]
[1762]
[1762]
[1761]
[1761]
[137]
[29]
[23]
[11]
[115]
[533]
[1761]
[64]
[1761]
[1761]
[1761]
[1761]
[1761]
[1761]
[1761]
[1761]
[1761]
[1761]
[1761]
[1761]
[1762]
[1762]
[1761]
[1761]
[1761]
[1761]
[1761]
[1761]
[1761]
[1761]
[1761]
[1761]
[1761]
[1761]
[1762]
[1762]
[1762]
[1762]
[1762]
[1761]
[1761]
[1761]
[1761]
[1761]
[1761]
[1761]
[1761]
[1761]
[1761]
[1761]
[1761]
[1761]
[1761]
[1761]
[1762]
[1762]
[1761]
[1761]
[1761]
[1761]
[1761]
[1761]
[1761]
[1761]
[1761]
[1761]
[1761]
[1762]
[1762]
[1762]
[1761]
[1761]
[1761]
[1761]
[1761]
[1761]
[1761]
[1761]
[1761]
[1761]
[1761]
[1761]
[1761]
[1761]
[1761]
[1761]
[1721]
[1721]
[1721]
[1771]
[1769]
[1769]
[1769]
[1769]
[1769]
[1769]
[1769]
[1769]
[1769]
[1769]
[1769]
[1769]
[1769]
[1769]
[1770]
[1770]
[1769]
[1769]
[1769]
[1769]
[1769]
[1769]
[1769]
[1769]
[1769]
[1770]
[1770]
[1770]
[1770]
[1770]
[1770]
[1770]
[1770]
[1770]
[1770]
[1770]
[1770]
[1771]
[1771]
[1770]
[1770]
[1770]
[1770]
[1770]
[1770]
[1770]
[1770]
[1770]
[1770]
[1770]
[1771]
[1771]
[1771]
[1770]
[1770]
[1770]
[1770]
[1770]
[1770]
[1725]
[1725]
[1725]
[1719]
[1721]
[1720]
[1141]
[1761]
[1772]
[1772]
[1772]
[1770]
[1772]
[1772]
[1773]
[1770]
[1770]
[1770]
[1770]
[1770]
[1770]
[1770]
[1770]
[1770]
[1770]
[1770]
[1770]
[1770]
[1771]
[1771]
[1770]
[1770]
[1770]
[1770]
[1770]
[1770]
[1770]
[1770]
[1770]
[1770]
[1770]
[1771]
[1771]
[1771]
[1770]
[1770]
[1770]
[1770]
[1770]
[1770]
[1770]
[1770]
[1770]
[1770]
[1770]
[1770]
[1770]
[1770]
[1771]
[1771]
[1770]
[1770]
[1770]
[1770]
[1770]
[1770]
[1770]
[1770]
[1770]
[1770]
[1721]
[1722]
[1722]
[1722]
[1720]
[1720]
[1469]
[1396]
[1757]
[1756]
[1725]
[1712]
[1712]
[1710]
[1722]
[1725]
[1718]
[1721]
[1709]
[1722]
[1723]
[1721]
[1713]
[1712]
[1712]
[1712]
[1712]
[1712]
[1712]
[1712]
[1712]
[1712]
[1708]
[1714]
[1718]
[1718]
[1718]
[1718]
[1718]
[1721]
[1725]
[1720]
[1717]
[1717]
[1723]
[1724]
[1723]
[1723]
[1701]
[1721]
[1766]
[1722]
[1720]
[1718]
[1718]
[1732]
[1732]
[1313]
[1310]
[1307]
[1312]
[1313]
[1256]
[1318]
[1327]
[1301]
[1303]
[1305]
[1309]
[1314]
[1305]
[1304]
[1305]
[1307]
[1310]
[1268]
[1326]
[1318]
[1318]
[1318]
[1318]
[1583]
[1755]
[1756]
[1721]
[1740]
[1723]
[21]
[4]
[1753]
[1754]
[1757]
[1719]
[1719]
[1142]
[1546]
[1721]
[1722]
[1754]
[1756]
[1754]
[1721]
[1721]
[1720]
[1720]
[1721]
[1717]
[1721]
[1764]
[1764]
[1251]
[1723]
[1722]
[1723]
[1723]
[1722]
[1141]
[1723]
[1723]
[1723]
[1723]
[1723]
[1724]
[1724]
[4]
[1723]
[1721]
[1721]
[1721]
[1718]
[1722]
[1722]
[1722]
[1720]
[1720]
[1720]
[1722]
[1722]
[1722]
[573]
[4]
[150]
[4]
[1723]
[1723]
[1723]
[1723]
[1723]
[1721]
[1722]
[1721]
[1722]
[1723]
[1723]
[1720]
[1754]
[1755]
[1723]
[1759]
[1759]
[4]
[4]
[4]
[4]
[4]
[4]
[4]
[4]
[4]
[4]
[4]
[4]
[4]
[4]
[4]
[4]
[4]
[4]
[4]
[1]
[4]
[1]
[4]
[4]
[1]
[4]
[4]
[1]
[1]
[1]
[1]
[1]
[1]
[1]
[4]
[4]
[4]
[4]
[4]
[1]
[1]
[4]
[4]
[4]
[1]
[4]
[4]
[1]
[4]
[4]
[1]
[4]
[1]
[4]
[1]
[4]
[1]
[4]
[1]
[4]
[1]
[4]
[4]
[4]
[4]
[573]
[4]
[1]
[4]
[4]
[1723]
[1723]
[1755]
[1756]
[1721]
[1723]
[21]
[136]
[1]
[1]
[22]
[31]
[109]
[26]
[359]
[25]
[111]
[2]
[367]
[3]
[3]
[6]
[401]
[126]
[6]
[127]
[5]
[162]
[52]
[172]
[73]
[71]
[6]
[55]
[14]
[32]
[117]
[113]
[104]
[158]
[21]
[369]
[50]
[35]
[36]
[132]
[97]
[91]
[22]
[78]
[42]
[56]
[26]
[7]
[157]
[9]
[135]
[3]
[82]
[138]
[44]
[4]
[93]
[116]
[2]
[4]
[4]
[21]
[156]
[4]
[1723]
[1723]
[1718]
[74]
[24]
[212]
[57]
[121]
[17]
[47]
[30]
[74]
[24]
[212]
[57]
[121]
[17]
[47]
[30]
[1721]
[1720]
[1720]
[1721]
[1718]
[1723]
[1723]
[1723]
[1372]
[1225]
[226]
[340]
[37]
[1626]
[181]
[79]
[11]
[5]
[1115]
[882]
[1694]
[82]
[24]
[359]
[39]
[1439]
[188]
[1259]
[1190]
[3]
[39]
[89]
[220]
[79]
[162]
[1011]
[458]
[2]
[26]
[1107]
[224]
[257]
[512]
[1707]
[65]
[566]
[335]
[269]
[1]
[270]
[197]
[171]
[77]
[512]
[20]
[1495]
[15]
[1237]
[29]
[1754]
[1755]
[1752]
[573]
[1745]
[1236]
[820]
[21]
[22]
[36]
[66]
[51]
[41]
[114]
[183]
[42]
[124]
[107]
[35]
[2]
[106]
[38]
[4]
[75]
[9]
[186]
[123]
[462]
[27]
[17]
[50]
[11]
[15]
[17]
[64]
[47]
[6]
[113]
[39]
[60]
[134]
[8]
[20]
[124]
[107]
[35]
[2]
[106]
[38]
[4]
[75]
[9]
[186]
[123]
[462]
[27]
[17]
[50]
[11]
[15]
[17]
[64]
[47]
[6]
[113]
[39]
[60]
[134]
[8]
[20]
[39]
[60]
[4]
[32]
[44]
[97]
[1]
[1]
[55]
[14]
[3]
[63]
[55]
[3]
[3]
[5]
[6]
[122]
[14]
[42]
[65]
[216]
[23]
[44]
[81]
[17]
[113]
[14]
[26]
[105]
[16]
[9]
[86]
[167]
[16]
[154]
[7]
[152]
[26]
[16]
[60]
[7]
[16]
[107]
[8]
[197]
[10]
[90]
[203]
[104]
[169]
[13]
[156]
[83]
[221]
[53]
[62]
[283]
[75]
[68]
[27]
[28]
[8]
[140]
[26]
[51]
[69]
[11]
[12]
[177]
[54]
[20]
[36]
[95]
[58]
[2]
[46]
[]
[28]
[13]
[99]
[1]
[35]
[1]
[3]
[21]
[13]
[2]
[2]
[106]
[20]
[38]
[5]
[271]
[33]
[146]
[23]
[145]
[97]
[67]
[19]
[104]
[75]
[19]
[44]
[27]
[35]
[65]
[21]
[177]
[110]
[9]
[315]
[33]
[71]
[186]
[123]
[462]
[43]
[16]
[28]
[17]
[168]
[95]
[9]
[27]
[26]
[139]
[25]
[19]
[234]
[49]
[232]
[7]
[112]
[33]
[45]
[124]
[71]
[17]
[33]
[11]
[15]
[10]
[17]
[71]
[37]
[144]
[169]
[56]
[10]
[134]
[429]
[303]
[122]
[166]
[47]
[33]
[52]
[47]
[113]
[47]
[144]
[3]
[51]
[60]
[134]
[27]
[32]
[4]
[77]
[31]
[81]
[24]
[8]
[1]
[1]
[124]
[107]
[55]
[4]
[4]
[4]
[10]
[18]
[42]
[50]
[161]
[64]
[6]
[39]
[25]
[85]
[72]
[20]
[1753]
[1754]
[1720]
[1721]
[1721]
[1721]
[1722]
[1154]
[1722]
[1697]
[1708]
[1708]
[1708]
[1710]
[1710]
[1710]
[1715]
[1715]
[1719]
[1723]
[1708]
[15]
[21]
[21]
[365]
[172]
[937]
[1755]
[1724]
[1754]
[1755]
[937]
[573]
[1754]
[1753]
[10]
[61]
[43]
[1721]
[4]
[4]
[10]
[19]
[48]
[4]
[19]
[48]
[4]
[4]
[222]
[1720]
[1720]
[1719]
[1719]
[945]
[1518]
[1526]
[1544]
[1545]
[1539]
[1534]
[1513]
[1511]
[1495]
[1506]
[1512]
[1509]
[1522]
[1520]
[1520]
[1516]
[1527]
[1521]
[1515]
[1535]
[1498]
[1512]
[1511]
[1509]
[1534]
[1722]
[1722]
[1388]
[1388]
[1388]
[1388]
[1724]
[1720]
[573]
[1723]
[1723]
[1726]
[1726]
[1276]
[1275]
[1290]
[1274]
[1265]
[1270]
[1274]
[1271]
[1269]
[1269]
[1269]
[1274]
[1270]
[1270]
[1269]
[1267]
[1269]
[1267]
[1766]
[272]
[10]
[10]
[10]
[4]
[5]
[1]
[9]
[10]
[172]
[51]
[95]
[3]
[4]
[92]
[62]
[178]
[102]
[172]
[14]
[51]
[95]
[3]
[4]
[48]
[92]
[62]
[178]
[102]
[172]
[14]
[51]
[95]
[3]
[4]
[48]
[92]
[62]
[178]
[102]
[172]
[14]
[51]
[95]
[3]
[4]
[48]
[92]
[62]
[178]
[102]
[172]
[51]
[95]
[3]
[4]
[92]
[62]
[178]
[102]
[172]
[51]
[95]
[3]
[4]
[92]
[62]
[178]
[102]
[172]
[51]
[95]
[3]
[4]
[92]
[62]
[178]
[102]
[172]
[14]
[51]
[106]
[95]
[3]
[4]
[92]
[62]
[102]
[1724]
[1727]
[1727]
[1731]
[1732]
[1733]
[1734]
[1734]
[1735]
[1736]
[1736]
[1738]
[1738]
[1739]
[1516]
[1516]
[1723]
[1725]
[573]
[1723]
[1723]
[1134]
[1721]
[1726]
[1726]
[1726]
[1726]
[1726]
[1726]
[1726]
[1726]
[1726]
[1726]
[1720]
[517]
[4]
[1724]
[141]
[4]
[4]
[5]
[4]
[1722]
[1745]
[1724]
[1723]
[1723]
[1721]
[517]
[1719]
[1724]
[1724]
[1724]
[1719]
[1719]
[1719]
[1722]
[1721]
[1722]
[1726]
[1720]
[1720]
[1722]
[1722]
[1720]
[4]
[4]
[4]
[31]
[71]
[1718]
[517]
[1719]
[1719]
[1722]
[1722]
[1718]
[1718]
[1716]
[1756]
[1722]
[1722]
[1743]
[1709]
[4]
[1721]
[1746]
[120]
[1720]
[1405]
[1718]
[1718]
[1718]
[1718]
[1763]
[1142]
[1723]
[1723]
[1723]
[4]
[4]
[4]
[4]
[4]
[4]
[4]
[4]
[1718]
[4]
[4]
[4]
[1747]
[19]
[4]
[19]
[4]
[2]
[10]
[4]
[105]
[1755]
[21]
[10]
[77]
[34]
[33]
[21]
[10]
[77]
[34]
[33]
[1722]
[1723]
[1723]
[1719]
[1724]
[1721]
[1724]
[1724]
[1724]
[1722]
[1719]
[1730]
[1723]
[1717]
[1718]
[1718]
[5]
[4]
[4]
[4]
[4]
[1744]
[1166]
[1166]
[1141]
[1720]
[1721]
[1723]
[1722]
[1724]
[1724]
[1724]
[1724]
[1721]
[1721]
[1746]
[1738]
[1721]
[1723]
[1721]
[1722]
[1723]
[1722]
[1723]
[1723]
[1749]
[1717]
[1722]
[1722]
[1722]
[1723]
[1723]
[1723]
[1723]
[1722]
[1722]
[1722]
[1722]
[1722]
[1721]
[1722]
[1722]
[1716]
[1724]
[1754]
[1755]
[1724]
[1724]
[1724]
[1724]
[1724]
[1724]
[1723]
[1722]
[1722]
[1722]
[1723]
[1722]
[1722]
[1720]
[1720]
[1723]
[1722]
[1758]
[1759]
[1692]
[1723]
[1719]
[1144]
[1304]
[4]
[4]
[4]
[1719]
[4]
[19]
[118]
[93]
[54]
[1204]
[1249]
[1249]
[1247]
[1247]
[1244]
[1247]
[4]
[19]
[118]
[93]
[54]
[1200]
[1744]
[1721]
[1773]
[1760]
[1773]
[1760]
[1760]
[1760]
[1759]
[1758]
[1758]
[1758]
[1758]
[1758]
[1758]
[1758]
[1758]
[1758]
[1758]
[1758]
[1758]
[1758]
[1758]
[1261]
[1717]
[1688]
[1721]
[6]
[1143]
[1687]
[1687]
[1687]
[1687]
[1687]
[1687]
[1687]
[1687]
[1687]
[1687]
[1687]
[1687]
[1687]
[1687]
[1687]
[1687]
[1687]
[1687]
[1687]
[1687]
[1687]
[1687]
[1687]
[1687]
[1687]
[1687]
[1687]
[1687]
[1687]
[1687]
[1687]
[1687]
[1687]
[1687]
[1687]
[1687]
[1687]
[1687]
[1687]
[1687]
[1687]
[1687]
[1687]
[1687]
[1687]
[1687]
[1687]
[1687]
[1687]
[1687]
[1687]
[1687]
[1687]
[1687]
[1687]
[1687]
[1687]
[1687]
[1687]
[1687]
[1687]
[1687]
[1687]
[1687]
[1687]
[1687]
[1687]
[1687]
[1687]
[1687]
[1687]
[1687]
[1687]
[1687]
[1687]
[1687]
[1687]
[1687]
[1687]
[1687]
[1687]
[1687]
[1687]
[1687]
[1687]
[1687]
[1687]
[1687]
[1687]
[1618]
[1615]
[1620]
[1545]
[1635]
[1609]
[1611]
[1613]
[1621]
[1617]
[1622]
[1621]
[1613]
[1612]
[1613]
[1615]
[1618]
[1564]
[1595]
[1591]
[1751]
[1754]
[1559]
[1513]
[4]
[2]
[2]
[3]
[4]
[4]
[2]
[3]
[4]
[1721]
[3]
[4]
[2]
[3]
[4]
[1756]
[937]
[1141]
[1723]
[1722]
[943]
[1723]
[936]
[943]
[1742]
[1745]
[4]
[30]
[566]
[162]
[205]
[93]
[308]
[4]
[308]
[4]
[937]
[4]
[348]
[1132]
[1717]
[1279]
[1279]
[1268]
[1245]
[1722]
[1722]
[1722]
[1722]
[1722]
[1723]
[1723]
[1723]
[1723]
[1729]
[1600]
[1602]
[1593]
[1598]
[1597]
[1602]
[1597]
[1602]
[1603]
[1598]
[1595]
[1599]
[1597]
[1597]
[1598]
[1597]
[1595]
[1141]
[1641]
[1751]
[1754]
[1721]
[1723]
[1723]
[240]
[10]
[179]
[37]
[21]
[4]
[4]
[4]
[4]
[240]
[10]
[37]
[179]
[21]
[1146]
[1722]
[1719]
[1720]
[1717]
[1720]
[1723]
[1720]
[1723]
[1723]
[1722]
[1723]
[1717]
[1723]
[1722]
[1723]
[1722]
[1268]
[1126]
[1723]
[1722]
[1720]
[1723]
[1723]
[1723]
[1723]
[1723]
[1725]
[1725]
[4]
[1723]
[1723]
[1723]
[1723]
[1721]
[1721]
[1721]
[1721]
[1340]
[1342]
[1344]
[1348]
[1353]
[1344]
[1343]
[1344]
[1346]
[1349]
[1357]
[1364]
[1307]
[1310]
[1357]
[1357]
[1360]
[1264]
[1254]
[1260]
[1259]
[1260]
[1248]
[1250]
[1252]
[1256]
[1261]
[1252]
[1251]
[1252]
[1254]
[1257]
[1203]
[1215]
[1265]
[1272]
[1232]
[1290]
[1290]
[1290]
[1290]
[1290]
[1290]
[1290]
[1290]
[1290]
[1290]
[1290]
[1290]
[1290]
[1290]
[1240]
[1240]
[1240]
[1240]
[1204]
[1260]
[1232]
[1209]
[1211]
[1220]
[1265]
[1265]
[1265]
[1265]
[1265]
[1265]
[1265]
[1268]
[1265]
[1265]
[1265]
[1265]
[1265]
[1265]
[1265]
[1265]
[1296]
[1296]
[1296]
[1299]
[1296]
[1296]
[1229]
[1721]
[1721]
[1722]
[1721]
[1721]
[1720]
[1723]
[4]
[4]
[1721]
[505]
[1722]
[4]
[260]
[1721]
[1718]
[1722]
[1722]
[1718]
[1144]
[1718]
[1658]
[1718]
[1718]
[1756]
[1757]
[1723]
[505]
[1440]
[1581]
[1139]
[1783]
[1784]
[1337]
[1337]
[1361]
[1368]
[1368]
[1368]
[1371]
[1301]
[1285]
[1284]
[1547]
[1443]
[1440]
[1460]
[1451]
[1451]
[1348]
[1354]
[1354]
[1297]
[1359]
[1366]
[1353]
[1360]
[1368]
[1342]
[1344]
[1346]
[1350]
[1355]
[1346]
[1345]
[1346]
[1348]
[1351]
[1359]
[1309]
[505]
[1211]
[1182]
[1180]
[1144]
[1718]
[1721]
[1721]
[1721]
[1723]
[1724]
[1724]
[1724]
[1724]
[1721]
[1721]
[1690]
[1684]
[1684]
[1684]
[1684]
[1684]
[1686]
[1686]
[1686]
[1686]
[1686]
[1687]
[1688]
[1691]
[1692]
[1693]
[1694]
[1694]
[1694]
[1694]
[1695]
[1698]
[1698]
[1698]
[1703]
[1698]
[1675]
[1677]
[1678]
[1678]
[1682]
[1682]
[1683]
[1683]
[1686]
[1686]
[1687]
[1721]
[1722]
[1722]
[778]
[945]
[594]
[1139]
[1310]
[1310]
[1310]
[1307]
[1307]
[1307]
[1307]
[1307]
[1307]
[1310]
[1307]
[1307]
[1305]
[1305]
[1305]
[1305]
[1305]
[1305]
[1305]
[1307]
[1307]
[1307]
[1307]
[1305]
[1305]
[1305]
[1305]
[1305]
[1785]
[1778]
[1743]
[1745]
[42]
[1246]
[1245]
[1244]
[1244]
[1242]
[1228]
[1239]
[1245]
[1242]
[1267]
[1255]
[1253]
[1253]
[1251]
[1249]
[1260]
[1254]
[1248]
[1268]
[1259]
[1231]
[1266]
[1267]
[1269]
[1261]
[1272]
[1256]
[1310]
[1133]
[6]
[71]
[1745]
[1733]
[1738]
[1731]
[1719]
[1734]
[1738]
[1715]
[1737]
[1743]
[1747]
[1730]
[1726]
[1727]
[1742]
[1723]
[1729]
[1722]
[1726]
[1722]
[1720]
[1728]
[1732]
[1718]
[1718]
[1714]
[1713]
[1713]
[1713]
[1713]
[1714]
[1714]
[1714]
[1714]
[1714]
[1723]
[1733]
[1735]
[1729]
[1735]
[1743]
[1745]
[1747]
[1746]
[1746]
[1746]
[1746]
[1747]
[1748]
[1747]
[1746]
[1749]
[1750]
[1748]
[1747]
[1746]
[1729]
[1729]
[1741]
[1734]
[1735]
[1729]
[1733]
[1734]
[1749]
[1727]
[1745]
[1746]
[1744]
[1750]
[1734]
[1729]
[1726]
[1726]
[1726]
[1731]
[1731]
[1731]
[1731]
[1731]
[1731]
[1729]
[1728]
[1729]
[1727]
[1724]
[1723]
[1727]
[1722]
[1728]
[1728]
[1728]
[1728]
[1728]
[1728]
[1724]
[1721]
[1720]
[1729]
[1724]
[1729]
[1723]
[1726]
[1725]
[1730]
[1726]
[1716]
[1718]
[1723]
[1748]
[1715]
[1730]
[1738]
[1731]
[1719]
[1726]
[1727]
[1734]
[1742]
[1729]
[1726]
[1726]
[1726]
[1731]
[1731]
[1731]
[1731]
[1731]
[1731]
[1729]
[1728]
[1729]
[1723]
[1727]
[1724]
[1723]
[1727]
[1722]
[1728]
[1728]
[1728]
[1728]
[1728]
[1728]
[1724]
[1721]
[1720]
[1729]
[1729]
[1722]
[1726]
[1722]
[1724]
[1720]
[1729]
[1723]
[1726]
[1725]
[1730]
[1726]
[1728]
[1716]
[1718]
[1723]
[1732]
[1718]
[1718]
[1714]
[1713]
[1713]
[1713]
[1713]
[1714]
[1714]
[1714]
[1714]
[1714]
[1723]
[1733]
[1735]
[1729]
[1735]
[1743]
[1745]
[1747]
[1746]
[1746]
[1746]
[1746]
[1747]
[1748]
[1747]
[1746]
[1749]
[1750]
[1748]
[1747]
[1746]
[1729]
[1729]
[1741]
[1734]
[1735]
[1729]
[1733]
[1734]
[1749]
[1727]
[1745]
[1746]
[1744]
[1750]
[1748]
[1733]
[1734]
[1738]
[1737]
[1743]
[1747]
[1742]
[1723]
[1721]
[1725]
[1725]
[1720]
[1723]
[1728]
[1729]
[1719]
[1741]
[1741]
[1741]
[1741]
[1741]
[1741]
[1741]
[1741]
[1741]
[1741]
[1741]
[1741]
[1741]
[1741]
[1741]
[1741]
[1741]
[1741]
[1741]
[1727]
[1729]
[1743]
[1726]
[1720]
[1722]
[1720]
[1730]
[1727]
[1727]
[1727]
[1732]
[1732]
[1732]
[1732]
[1732]
[1732]
[1730]
[1729]
[1730]
[1726]
[1728]
[1726]
[1726]
[1725]
[1727]
[1727]
[1718]
[1720]
[1717]
[1735]
[1743]
[1725]
[1728]
[1725]
[1724]
[1729]
[1729]
[1729]
[1729]
[1729]
[1729]
[1723]
[1722]
[1730]
[1730]
[1724]
[1727]
[1724]
[1722]
[1730]
[1731]
[1727]
[1729]
[1725]
[1733]
[1720]
[1720]
[1716]
[1715]
[1715]
[1715]
[1715]
[1716]
[1716]
[1716]
[1716]
[1716]
[1725]
[1734]
[1736]
[1730]
[1746]
[1748]
[1747]
[1747]
[1747]
[1748]
[1747]
[1728]
[1746]
[1747]
[1745]
[1749]
[1734]
[1731]
[1739]
[1732]
[1720]
[1735]
[1727]
[1728]
[1739]
[1736]
[1744]
[1747]
[1748]
[1749]
[1750]
[1751]
[1749]
[1748]
[1747]
[1730]
[1730]
[1742]
[1735]
[1736]
[1730]
[1734]
[1738]
[1735]
[1750]
[1744]
[1748]
[1751]
[1719]
[1721]
[1723]
[1752]
[594]
[1722]
[1719]
[1728]
[1731]
[1726]
[1730]
[1729]
[1728]
[1731]
[1731]
[1730]
[1729]
[1728]
[1731]
[1721]
[1723]
[594]
[1735]
[1720]
[1719]
[1143]
[1723]
[1722]
[1753]
[1756]
[594]
[1720]
[1465]
[1507]
[1514]
[1465]
[1507]
[1514]
[1465]
[1507]
[1514]
[1723]
[1723]
[1723]
[1750]
[1391]
[1391]
[1391]
[1391]
[1720]
[1722]
[1720]
[1720]
[1720]
[1743]
[1760]
[1763]
[1744]
[1755]
[1758]
[1762]
[1717]
[1718]
[1724]
[1724]
[1725]
[1725]
[1728]
[1732]
[1734]
[1737]
[1737]
[1737]
[1737]
[1739]
[1740]
[1740]
[1740]
[1740]
[1741]
[1741]
[1741]
[1743]
[1746]
[1746]
[1746]
[1747]
[1747]
[1748]
[1748]
[1749]
[1749]
[1749]
[1750]
[1750]
[1710]
[1715]
[1715]
[1719]
[1196]
[1391]
[1391]
[1391]
[1391]
[1391]
[223]
[190]
[10]
[80]
[188]
[188]
[6]
[125]
[937]
[1722]
[1142]
[1721]
[1143]
[1755]
[4]
[4]
[1720]
[1751]
[1751]
[1726]
[1690]
[1694]
[1696]
[1696]
[1696]
[1696]
[1696]
[1696]
[1696]
[1696]
[1696]
[1696]
[1696]
[1696]
[1698]
[1698]
[1698]
[1698]
[1698]
[1698]
[1699]
[1701]
[1702]
[1704]
[1705]
[1707]
[1707]
[1707]
[1707]
[1708]
[1708]
[1708]
[1709]
[1709]
[1709]
[1709]
[1710]
[1710]
[1710]
[1711]
[1712]
[1712]
[1712]
[1713]
[1713]
[1713]
[1713]
[1713]
[1713]
[1713]
[1713]
[1714]
[1715]
[1716]
[1716]
[1717]
[1717]
[1718]
[1719]
[1712]
[1707]
[1741]
[19]
[1]
[4]
[56]
[3]
[51]
[9]
[4]
[1722]
[1134]
[1034]
[1722]
[1724]
[1718]
[949]
[1721]
[1721]
[790]
[1723]
[1723]
[937]
[1718]
[1722]
[1722]
[1722]
[1717]
[933]
[1721]
[1721]
[1721]
[1721]
[1721]
[1721]
[1721]
[1721]
[1721]
[1714]
[1424]
[1424]
[1725]
[1724]
[1143]
[1251]
[1724]
[1722]
[1748]
[933]
[1722]
[1724]
[1703]
[1731]
[1731]
[1744]
[1745]
[1747]
[44]
[1723]
[600]
[600]
[600]
[600]
[600]
[600]
[601]
[601]
[601]
[601]
[600]
[600]
[600]
[600]
[600]
[600]
[601]
[601]
[601]
[601]
[601]
[1723]
[601]
[601]
[1724]
[1724]
[1721]
[1723]
[1744]
[1746]
[43]
[1741]
[1723]
[1723]
[1721]
[1723]
[1720]
[1720]
[1723]
[1717]
[1724]
[1721]
[1721]
[10]
[13]
[43]
[43]
[4]
[1723]
[1143]
[1722]
[1722]
[1722]
[1722]
[1722]
[1722]
[1722]
[1722]
[1722]
[1722]
[1722]
[1722]
[1716]
[1719]
[1719]
[1719]
[1719]
[1723]
[4]
[1723]
[1723]
[1723]
[1723]
[1723]
[1724]
[1724]
[1724]
[1724]
[1724]
[1723]
[1723]
[1723]
[1723]
[4]
[4]
[4]
[4]
[1145]
[1723]
[1721]
[1726]
[1726]
[1726]
[1720]
[1720]
[1720]
[1723]
[1723]
[1725]
[1721]
[1716]
[1721]
[1721]
[1725]
[4]
[4]
[4]
[1616]
[1616]
[1722]
[1722]
[1721]
[1722]
[85]
[86]
[1758]
[1756]
[1756]
[1756]
[1756]
[1756]
[1756]
[1756]
[1756]
[1756]
[1756]
[1756]
[1756]
[1756]
[1756]
[1756]
[1756]
[1756]
[1756]
[1756]
[1756]
[1756]
[1757]
[1757]
[1757]
[1757]
[1757]
[1756]
[1756]
[1756]
[1756]
[1756]
[1756]
[1756]
[1756]
[1756]
[1756]
[1756]
[1756]
[1756]
[1756]
[1756]
[1764]
[1718]
[1720]
[1720]
[1720]
[1720]
[1720]
[1251]
[1723]
[4]
[4]
[4]
[4]
[4]
[4]
[1197]
[1197]
[1197]
[1754]
[1721]
[1721]
[1716]
[1719]
[1719]
[1719]
[1721]
[1721]
[1569]
[1402]
[1731]
[1731]
[1731]
[2]
[2]
[2]
[2]
[2]
[4]
[4]
[4]
[4]
[4]
[1721]
[1721]
[1721]
[1721]
[1721]
[1717]
[1717]
[1718]
[4]
[138]
[582]
[4]
[4]
[136]
[9]
[4]
[4]
[125]
[161]
[191]
[4]
[71]
[4]
[138]
[1718]
[1717]
[1718]
[1718]
[1718]
[1761]
[1759]
[1759]
[1759]
[1759]
[1759]
[1759]
[1759]
[1759]
[1760]
[1760]
[1760]
[1760]
[1760]
[1760]
[1760]
[1760]
[1760]
[1759]
[1760]
[1759]
[1759]
[1759]
[1761]
[1759]
[1759]
[1759]
[1759]
[1759]
[1759]
[1759]
[1759]
[1759]
[1759]
[1759]
[1760]
[1760]
[1760]
[1759]
[1759]
[1759]
[1759]
[1759]
[1759]
[1759]
[1759]
[1759]
[1759]
[1759]
[1759]
[1759]
[1759]
[1759]
[1760]
[1759]
[1759]
[1759]
[1759]
[1759]
[1759]
[1759]
[1759]
[1759]
[1759]
[1759]
[1759]
[1759]
[1759]
[1759]
[1759]
[1759]
[1759]
[1759]
[1760]
[1760]
[1760]
[1760]
[1760]
[1759]
[1760]
[1759]
[1759]
[1759]
[1759]
[1759]
[1759]
[1759]
[1759]
[1759]
[1759]
[1759]
[1759]
[1759]
[1759]
[1759]
[1759]
[1759]
[1759]
[1759]
[1759]
[1761]
[1759]
[1760]
[1760]
[1760]
[1760]
[1760]
[1760]
[1760]
[1760]
[1760]
[1760]
[1760]
[1760]
[1760]
[1760]
[1760]
[1760]
[1761]
[1761]
[1761]
[1760]
[1760]
[1760]
[1760]
[1760]
[1760]
[1760]
[1760]
[1761]
[1761]
[1761]
[1761]
[1761]
[1761]
[1761]
[1760]
[1760]
[1760]
[1760]
[1760]
[1760]
[4]
[4]
[4]
[4]
[1760]
[1760]
[1760]
[1760]
[1760]
[1760]
[1760]
[1760]
[4]
[4]
[4]
[4]
[4]
[4]
[4]
[4]
[4]
[4]
[4]
[1723]
[1761]
[1759]
[1759]
[1760]
[1760]
[1760]
[1760]
[1760]
[1760]
[1760]
[1760]
[1760]
[1760]
[1760]
[1760]
[1759]
[1759]
[1759]
[1759]
[1759]
[1759]
[1759]
[1759]
[1759]
[1759]
[1759]
[1759]
[1759]
[1759]
[1759]
[1759]
[1759]
[1759]
[1759]
[1759]
[1759]
[1759]
[1759]
[1759]
[1759]
[1759]
[1760]
[1760]
[1759]
[1759]
[1759]
[1759]
[1759]
[1759]
[1759]
[1759]
[1759]
[1759]
[1759]
[1759]
[1759]
[1759]
[1759]
[1759]
[1759]
[1759]
[1759]
[1759]
[1759]
[1759]
[1759]
[1760]
[1759]
[1759]
[1759]
[1759]
[1759]
[1759]
[1759]
[1759]
[1759]
[1759]
[1759]
[1759]
[4]
[582]
[1762]
[1759]
[1759]
[1759]
[1759]
[1759]
[1759]
[1759]
[1760]
[1718]
[1537]
[1761]
[1759]
[1759]
[1760]
[1760]
[1759]
[1759]
[1759]
[1759]
[1759]
[1759]
[1759]
[1759]
[1759]
[1759]
[1759]
[1759]
[1759]
[1759]
[1759]
[1759]
[1759]
[1759]
[1759]
[1759]
[1759]
[1723]
[1723]
[1759]
[1759]
[1759]
[1757]
[1757]
[1762]
[1760]
[1760]
[1760]
[1760]
[1760]
[1760]
[1760]
[1760]
[1760]
[1760]
[1761]
[1761]
[1761]
[1761]
[1760]
[1761]
[1761]
[1759]
[1759]
[1759]
[1759]
[1760]
[1760]
[1759]
[1759]
[1759]
[1759]
[1762]
[1759]
[1759]
[1759]
[1759]
[1759]
[1759]
[1759]
[1759]
[1759]
[1759]
[1760]
[1759]
[1759]
[1759]
[1759]
[1759]
[1721]
[1721]
[1728]
[1720]
[1722]
[1721]
[1722]
[1722]
[1722]
[1722]
[1722]
[1761]
[1759]
[1759]
[1759]
[1759]
[1759]
[1759]
[1759]
[1759]
[1759]
[1760]
[1724]
[1760]
[1760]
[1760]
[1759]
[1759]
[1759]
[1759]
[1759]
[1759]
[1759]
[1759]
[1759]
[1759]
[1759]
[1759]
[1759]
[1760]
[1759]
[1144]
[1723]
[1723]
[1723]
[1723]
[1723]
[1763]
[1760]
[1760]
[1760]
[1760]
[1760]
[1760]
[1760]
[1760]
[1760]
[1760]
[1761]
[1761]
[1759]
[1759]
[1759]
[1759]
[1756]
[1759]
[1760]
[1759]
[1759]
[1759]
[1721]
[1721]
[1721]
[1721]
[1721]
[582]
[1761]
[1760]
[1759]
[1759]
[1759]
[1759]
[1759]
[1759]
[1759]
[1759]
[1759]
[1759]
[1759]
[1759]
[1759]
[1759]
[1759]
[1759]
[1759]
[1759]
[1760]
[1760]
[1759]
[1759]
[1759]
[1759]
[1759]
[1759]
[1759]
[1762]
[1760]
[1760]
[1760]
[1760]
[1760]
[1760]
[1760]
[1760]
[1760]
[1760]
[1760]
[1760]
[1760]
[1760]
[1760]
[1721]
[1721]
[1721]
[1738]
[1738]
[1720]
[1720]
[1720]
[1720]
[1717]
[1717]
[1717]
[1717]
[1717]
[1484]
[1708]
[1711]
[1711]
[1715]
[1718]
[1720]
[1722]
[1719]
[1719]
[1719]
[1608]
[1569]
[1722]
[1720]
[1720]
[1720]
[582]
[1721]
[1721]
[1721]
[1721]
[1721]
[1621]
[1621]
[1621]
[1621]
[1621]
[1723]
[1723]
[1720]
[1724]
[1724]
[1724]
[1722]
[1722]
[1722]
[1722]
[1722]
[1721]
[1721]
[1721]
[1721]
[1722]
[1722]
[1722]
[1722]
[1722]
[1722]
[1721]
[1725]
[1725]
[1725]
[1510]
[1432]
[1432]
[1432]
[1432]
[1755]
[1757]
[1757]
[1722]
[1722]
[1722]
[1722]
[1722]
[1723]
[1723]
[1718]
[1720]
[1720]
[1723]
[1723]
[1765]
[1725]
[1725]
[1721]
[1716]
[1721]
[1721]
[1724]
[1723]
[1722]
[1723]
[1722]
[1724]
[1724]
[1724]
[1724]
[1724]
[1724]
[1718]
[1718]
[1724]
[1724]
[1722]
[4]
[21]
[4]
[21]
[4]
[4]
[1724]
[4]
[260]
[4]
[260]
[1721]
[1723]
[1723]
[1141]
[1140]
[1722]
[1723]
[1723]
[1723]
[1756]
[1757]
[1720]
[1719]
[1719]
[1536]
[1723]
[1721]
[1721]
[1749]
[1664]
[1195]
[1169]
[1171]
[1173]
[1177]
[1182]
[1173]
[1172]
[1173]
[1175]
[1178]
[1159]
[1170]
[1136]
[1093]
[1186]
[1175]
[1178]
[1180]
[1181]
[1181]
[1124]
[1186]
[1195]
[1169]
[1171]
[1173]
[1177]
[1182]
[1173]
[1172]
[1173]
[1175]
[1178]
[1136]
[1186]
[1093]
[1124]
[1129]
[1130]
[1124]
[1186]
[1127]
[1129]
[1144]
[1120]
[1131]
[1122]
[1123]
[1128]
[1117]
[1122]
[1126]
[1122]
[1124]
[1136]
[650]
[1719]
[1719]
[1742]
[1720]
[1721]
[1590]
[1724]
[1724]
[1724]
[1724]
[1724]
[1724]
[1724]
[1724]
[1724]
[1724]
[1724]
[1724]
[1590]
[1590]
[1590]
[1590]
[1590]
[1590]
[1590]
[1590]
[1590]
[1590]
[1590]
[1724]
[1724]
[1724]
[1724]
[1724]
[1724]
[1724]
[1724]
[1724]
[1724]
[1724]
[1724]
[1724]
[1724]
[1724]
[1724]
[1724]
[1724]
[1724]
[1724]
[1724]
[1724]
[1724]
[1724]
[1724]
[1724]
[1724]
[1590]
[1590]
[1590]
[1590]
[1590]
[1590]
[1590]
[1590]
[1590]
[1590]
[1590]
[1590]
[1590]
[1590]
[1590]
[1590]
[1590]
[1590]
[1590]
[1590]
[1590]
[1590]
[1590]
[1590]
[1590]
[1590]
[1590]
[1697]
[1724]
[1724]
[1724]
[1724]
[1724]
[1724]
[1724]
[1590]
[1590]
[1590]
[1590]
[1590]
[1590]
[1590]
[1596]
[1701]
[1724]
[1724]
[1724]
[1724]
[1724]
[1724]
[1724]
[1724]
[1724]
[1724]
[1724]
[1724]
[1724]
[1590]
[1590]
[1590]
[1590]
[1590]
[1590]
[1590]
[1590]
[1590]
[1590]
[1590]
[1590]
[1724]
[1724]
[1724]
[1724]
[1724]
[1724]
[1724]
[1724]
[1724]
[1724]
[1724]
[1724]
[1724]
[1724]
[1724]
[1724]
[1724]
[1724]
[1724]
[1724]
[1724]
[1724]
[1590]
[1590]
[1590]
[1590]
[1590]
[1590]
[1590]
[1590]
[1590]
[1590]
[1590]
[1590]
[1590]
[1590]
[1590]
[1590]
[1590]
[1590]
[1590]
[1590]
[1590]
[1590]
[1724]
[1724]
[1724]
[1724]
[1724]
[1724]
[1724]
[1724]
[1724]
[1724]
[1724]
[1724]
[1724]
[1724]
[1724]
[1724]
[1724]
[1724]
[1724]
[1724]
[1724]
[1724]
[1724]
[1724]
[1724]
[1590]
[1590]
[1590]
[1590]
[1590]
[1590]
[1590]
[1590]
[1590]
[1590]
[1590]
[1590]
[1590]
[1590]
[1590]
[1590]
[1590]
[1590]
[1590]
[1590]
[1590]
[1590]
[1590]
[1590]
[1724]
[1724]
[1724]
[1724]
[1724]
[1724]
[1724]
[1724]
[1724]
[1724]
[1724]
[1724]
[1724]
[1590]
[1590]
[1590]
[1590]
[1590]
[1590]
[1590]
[1590]
[1590]
[1590]
[1590]
[1590]
[1590]
[1590]
[1697]
[1724]
[1724]
[1724]
[1724]
[1724]
[1724]
[1724]
[1724]
[1724]
[1590]
[1590]
[1590]
[1590]
[1590]
[1590]
[1590]
[1590]
[1590]
[1649]
[1701]
[1724]
[1724]
[1724]
[1724]
[1724]
[1724]
[1724]
[1724]
[1724]
[1724]
[1724]
[1724]
[1724]
[1590]
[1590]
[1590]
[1590]
[1590]
[1590]
[1590]
[1590]
[1590]
[1724]
[1724]
[1724]
[1724]
[1590]
[1590]
[1590]
[1590]
[1590]
[1724]
[1724]
[1724]
[1725]
[1725]
[1725]
[1725]
[1725]
[1725]
[1725]
[1725]
[1725]
[1590]
[1590]
[1590]
[1590]
[1590]
[1590]
[1590]
[1590]
[1590]
[1590]
[1590]
[1590]
[1590]
[1697]
[1724]
[1724]
[1724]
[1724]
[1724]
[1724]
[1724]
[1724]
[1724]
[1724]
[1724]
[1724]
[1724]
[1724]
[1725]
[1725]
[1725]
[1725]
[1725]
[1725]
[1590]
[1590]
[1590]
[1590]
[1590]
[1590]
[1590]
[1590]
[1590]
[1590]
[1590]
[1590]
[1590]
[1590]
[1590]
[1590]
[1590]
[1590]
[1608]
[1697]
[1724]
[1724]
[1724]
[1724]
[1590]
[1590]
[1590]
[1590]
[1590]
[1590]
[1724]
[1724]
[1724]
[1724]
[1724]
[1724]
[1724]
[1724]
[1590]
[1590]
[1590]
[1590]
[1590]
[1590]
[1590]
[1724]
[1724]
[1724]
[1724]
[1724]
[1724]
[1724]
[1724]
[1724]
[1724]
[1724]
[1724]
[1724]
[1724]
[1724]
[1724]
[1724]
[1724]
[1724]
[1724]
[1724]
[1724]
[1590]
[1590]
[1590]
[1590]
[1590]
[1590]
[1590]
[1590]
[1590]
[1590]
[1590]
[1590]
[1590]
[1590]
[1590]
[1590]
[1590]
[1590]
[1590]
[1590]
[1590]
[1724]
[1724]
[1724]
[1724]
[1724]
[1724]
[1724]
[1724]
[1724]
[1724]
[1724]
[1724]
[1590]
[1590]
[1590]
[1590]
[1590]
[1590]
[1590]
[1590]
[1590]
[1590]
[1590]
[1590]
[1697]
[1724]
[1724]
[1724]
[1590]
[1590]
[1590]
[1608]
[1697]
[1724]
[1724]
[1724]
[1724]
[1724]
[1724]
[1724]
[1724]
[1724]
[1724]
[1724]
[1724]
[1590]
[1590]
[1590]
[1590]
[1590]
[1590]
[1590]
[1590]
[1590]
[1590]
[1590]
[1590]
[1724]
[1724]
[1724]
[1724]
[1724]
[1724]
[1724]
[1724]
[1724]
[1724]
[1724]
[1724]
[1590]
[1590]
[1590]
[1590]
[1590]
[1590]
[1590]
[1590]
[1590]
[1590]
[1590]
[1590]
[1590]
[1724]
[1724]
[1724]
[1724]
[1724]
[1724]
[1724]
[1724]
[1724]
[1724]
[1724]
[1724]
[1724]
[1724]
[1724]
[1590]
[1590]
[1590]
[1590]
[1590]
[1590]
[1590]
[1590]
[1590]
[1590]
[1590]
[1590]
[1590]
[1590]
[1590]
[1724]
[1724]
[1724]
[1724]
[1724]
[1724]
[1724]
[1724]
[1724]
[1724]
[1724]
[1724]
[1724]
[1724]
[1590]
[1590]
[1590]
[1590]
[1590]
[1590]
[1590]
[1590]
[1590]
[1590]
[1590]
[1590]
[1590]
[1724]
[1724]
[1724]
[1724]
[1724]
[1724]
[1724]
[1724]
[1724]
[1724]
[1724]
[1724]
[1724]
[1590]
[1590]
[1590]
[1590]
[1590]
[1590]
[1590]
[1590]
[1590]
[1590]
[1590]
[1590]
[1590]
[1724]
[1724]
[1724]
[1724]
[1724]
[1724]
[1724]
[1724]
[1724]
[1724]
[1724]
[1724]
[1724]
[1724]
[1724]
[1590]
[1590]
[1590]
[1590]
[1590]
[1590]
[1590]
[1590]
[1590]
[1590]
[1590]
[1590]
[1590]
[1590]
[1590]
[1724]
[1724]
[1724]
[1724]
[1724]
[1724]
[1724]
[1724]
[1724]
[1724]
[1724]
[1724]
[1590]
[1590]
[1590]
[1590]
[1590]
[1590]
[1590]
[1590]
[1590]
[1590]
[1590]
[1590]
[1724]
[1724]
[1724]
[1724]
[1724]
[1724]
[1724]
[1724]
[1724]
[1724]
[1724]
[1724]
[1724]
[1724]
[1724]
[1724]
[1724]
[1724]
[1724]
[1724]
[1724]
[1724]
[1724]
[1724]
[1590]
[1590]
[1590]
[1590]
[1590]
[1590]
[1590]
[1590]
[1590]
[1590]
[1590]
[1590]
[1590]
[1590]
[1590]
[1590]
[1590]
[1590]
[1590]
[1590]
[1590]
[1590]
[1590]
[1724]
[1724]
[1724]
[1724]
[1724]
[1724]
[1724]
[1590]
[1590]
[1590]
[1590]
[1590]
[1590]
[1590]
[1608]
[1697]
[1697]
[1590]
[1725]
[1725]
[1725]
[1725]
[1725]
[1725]
[1725]
[1725]
[1725]
[1725]
[1725]
[1725]
[1725]
[1725]
[1725]
[1725]
[1725]
[1725]
[1725]
[1725]
[1725]
[1725]
[1725]
[1725]
[1725]
[1590]
[1590]
[1590]
[1590]
[1590]
[1590]
[1590]
[1590]
[1590]
[1590]
[1590]
[1590]
[1590]
[1590]
[1590]
[1590]
[1590]
[1590]
[1590]
[1590]
[1590]
[1590]
[1590]
[1590]
[1697]
[1725]
[1590]
[1608]
[1697]
[1725]
[1725]
[1725]
[1725]
[1725]
[1725]
[1590]
[1590]
[1590]
[1590]
[1590]
[1725]
[1725]
[1725]
[1725]
[1725]
[1725]
[1725]
[1725]
[1725]
[1725]
[1725]
[1725]
[1725]
[1725]
[1590]
[1590]
[1590]
[1590]
[1590]
[1590]
[1590]
[1590]
[1590]
[1590]
[1590]
[1590]
[1590]
[1590]
[1724]
[1724]
[1724]
[1724]
[1724]
[1724]
[1724]
[1724]
[1724]
[1725]
[1725]
[1590]
[1590]
[1590]
[1590]
[1590]
[1590]
[1590]
[1590]
[1590]
[1590]
[1590]
[1724]
[1724]
[1724]
[1724]
[1724]
[1724]
[1724]
[1724]
[1724]
[1724]
[1724]
[1724]
[1724]
[1724]
[1724]
[1724]
[1724]
[1724]
[1724]
[1724]
[1724]
[1724]
[1724]
[1724]
[1724]
[1724]
[1590]
[1590]
[1590]
[1590]
[1590]
[1590]
[1590]
[1590]
[1590]
[1590]
[1590]
[1590]
[1590]
[1590]
[1590]
[1590]
[1590]
[1590]
[1590]
[1590]
[1590]
[1590]
[1590]
[1590]
[1590]
[1590]
[1724]
[1724]
[1724]
[1724]
[1724]
[1724]
[1724]
[1724]
[1724]
[1724]
[1724]
[1724]
[1590]
[1590]
[1590]
[1590]
[1590]
[1590]
[1590]
[1590]
[1590]
[1590]
[1724]
[1724]
[1724]
[1724]
[1724]
[1724]
[1724]
[1724]
[1724]
[1724]
[1724]
[1724]
[1724]
[1724]
[1724]
[1724]
[1724]
[1724]
[1724]
[1724]
[1724]
[1724]
[1724]
[1590]
[1590]
[1590]
[1590]
[1590]
[1590]
[1590]
[1590]
[1590]
[1590]
[1590]
[1590]
[1590]
[1590]
[1590]
[1590]
[1590]
[1590]
[1590]
[1590]
[1590]
[1590]
[1590]
[1590]
[1724]
[1724]
[1724]
[1724]
[1724]
[1724]
[1724]
[1724]
[1724]
[1724]
[1724]
[1590]
[1590]
[1590]
[1590]
[1590]
[1590]
[1590]
[1590]
[1590]
[1590]
[1724]
[1724]
[1724]
[1724]
[1724]
[1724]
[1724]
[1724]
[1724]
[1724]
[1724]
[1724]
[1724]
[1724]
[1724]
[1724]
[1724]
[1724]
[1724]
[1724]
[1724]
[1724]
[1724]
[1590]
[1590]
[1590]
[1590]
[1590]
[1590]
[1590]
[1590]
[1590]
[1590]
[1590]
[1590]
[1590]
[1590]
[1590]
[1590]
[1590]
[1590]
[1590]
[1590]
[1590]
[1590]
[1590]
[1590]
[1724]
[1724]
[1724]
[1724]
[1724]
[1724]
[1724]
[1724]
[1724]
[1724]
[1724]
[1590]
[1590]
[1590]
[1590]
[1590]
[1590]
[1590]
[1590]
[1590]
[1590]
[1724]
[1724]
[1724]
[1724]
[1724]
[1724]
[1724]
[1724]
[1724]
[1724]
[1724]
[1724]
[1724]
[1724]
[1724]
[1724]
[1724]
[1724]
[1724]
[1724]
[1724]
[1724]
[1724]
[1590]
[1590]
[1590]
[1590]
[1590]
[1590]
[1590]
[1590]
[1590]
[1590]
[1590]
[1590]
[1590]
[1590]
[1590]
[1590]
[1590]
[1590]
[1590]
[1590]
[1590]
[1590]
[1590]
[1724]
[1724]
[1724]
[1724]
[1724]
[1724]
[1724]
[1724]
[1724]
[1724]
[1724]
[1724]
[1590]
[1590]
[1590]
[1590]
[1590]
[1590]
[1590]
[1590]
[1590]
[1590]
[1590]
[1590]
[1724]
[1724]
[1724]
[1724]
[1724]
[1724]
[1724]
[1724]
[1724]
[1724]
[1724]
[1724]
[1724]
[1724]
[1724]
[1724]
[1724]
[1724]
[1724]
[1724]
[1724]
[1724]
[1724]
[1724]
[1724]
[1724]
[1724]
[1724]
[1724]
[1724]
[1724]
[1724]
[1724]
[1724]
[1590]
[1590]
[1590]
[1590]
[1590]
[1590]
[1590]
[1590]
[1590]
[1590]
[1590]
[1590]
[1590]
[1590]
[1590]
[1590]
[1590]
[1590]
[1590]
[1590]
[1590]
[1590]
[1590]
[1590]
[1590]
[1590]
[1590]
[1590]
[1590]
[1590]
[1590]
[1590]
[1724]
[1724]
[1724]
[1724]
[1724]
[1724]
[1724]
[1724]
[1590]
[1590]
[1590]
[1590]
[1590]
[1590]
[1590]
[1590]
[1724]
[1724]
[1724]
[1724]
[1724]
[1590]
[1590]
[1590]
[1590]
[1590]
[1724]
[1724]
[1724]
[1724]
[1724]
[1724]
[1724]
[1724]
[1590]
[1590]
[1590]
[1590]
[1590]
[1590]
[1590]
[1724]
[1724]
[1724]
[1724]
[1724]
[1724]
[1724]
[1724]
[1724]
[1724]
[1590]
[1590]
[1590]
[1590]
[1590]
[1590]
[1590]
[1590]
[1590]
[1590]
[1724]
[1724]
[1724]
[1724]
[1724]
[1724]
[1724]
[1724]
[1724]
[1724]
[1724]
[1724]
[1590]
[1590]
[1590]
[1590]
[1590]
[1590]
[1590]
[1590]
[1590]
[1590]
[1590]
[1590]
[1724]
[1724]
[1724]
[1724]
[1724]
[1724]
[1724]
[1724]
[1724]
[1590]
[1590]
[1590]
[1590]
[1590]
[1590]
[1590]
[1590]
[1590]
[1590]
[1724]
[1724]
[1724]
[1724]
[1724]
[1724]
[1724]
[1724]
[1724]
[1724]
[1724]
[1724]
[1590]
[1590]
[1590]
[1590]
[1590]
[1590]
[1590]
[1590]
[1590]
[1590]
[1590]
[1724]
[1724]
[1724]
[1724]
[1724]
[1724]
[1724]
[1724]
[1724]
[1724]
[1590]
[1590]
[1590]
[1590]
[1590]
[1590]
[1590]
[1590]
[1590]
[1590]
[1724]
[1724]
[1724]
[1724]
[1724]
[1724]
[1724]
[1724]
[1724]
[1724]
[1724]
[1724]
[1590]
[1590]
[1590]
[1590]
[1590]
[1590]
[1590]
[1590]
[1590]
[1590]
[1590]
[1590]
[1590]
[1724]
[1724]
[1724]
[1724]
[1724]
[1724]
[1724]
[1724]
[1724]
[1724]
[1724]
[1724]
[1724]
[1590]
[1590]
[1590]
[1590]
[1590]
[1590]
[1590]
[1590]
[1590]
[1590]
[1590]
[1590]
[1590]
[1724]
[1724]
[1724]
[1724]
[1724]
[1724]
[1724]
[1724]
[1724]
[1724]
[1724]
[1724]
[1590]
[1590]
[1590]
[1590]
[1590]
[1590]
[1590]
[1590]
[1590]
[1590]
[1590]
[1590]
[1724]
[1724]
[1724]
[1724]
[1724]
[1724]
[1724]
[1724]
[1724]
[1724]
[1724]
[1724]
[1590]
[1590]
[1590]
[1590]
[1590]
[1590]
[1590]
[1590]
[1590]
[1590]
[1590]
[1590]
[1724]
[1724]
[1724]
[1724]
[1724]
[1724]
[1724]
[1724]
[1724]
[1724]
[1724]
[1590]
[1590]
[1590]
[1590]
[1590]
[1590]
[1590]
[1590]
[1590]
[1590]
[1590]
[1724]
[1724]
[1724]
[1724]
[1724]
[1724]
[1724]
[1724]
[1724]
[1724]
[1724]
[1724]
[1590]
[1590]
[1590]
[1590]
[1590]
[1590]
[1590]
[1590]
[1590]
[1590]
[1590]
[1590]
[1724]
[1724]
[1724]
[1724]
[1724]
[1724]
[1724]
[1724]
[1724]
[1724]
[1724]
[1724]
[1724]
[1724]
[1724]
[1724]
[1724]
[1724]
[1724]
[1724]
[1724]
[1724]
[1724]
[1724]
[1724]
[1724]
[1724]
[1724]
[1724]
[1724]
[1724]
[1724]
[1724]
[1724]
[1724]
[1590]
[1590]
[1590]
[1590]
[1590]
[1590]
[1590]
[1590]
[1590]
[1590]
[1590]
[1590]
[1590]
[1590]
[1590]
[1590]
[1590]
[1590]
[1590]
[1590]
[1590]
[1590]
[1590]
[1590]
[1590]
[1590]
[1590]
[1590]
[1590]
[1590]
[1590]
[1590]
[1590]
[1590]
[1590]
[1724]
[1724]
[1724]
[1724]
[1724]
[1724]
[1724]
[1724]
[1724]
[1724]
[1724]
[1724]
[1724]
[1724]
[1724]
[1724]
[1724]
[1724]
[1724]
[1724]
[1724]
[1724]
[1724]
[1724]
[1590]
[1590]
[1590]
[1590]
[1590]
[1590]
[1590]
[1590]
[1590]
[1590]
[1590]
[1590]
[1590]
[1590]
[1590]
[1590]
[1590]
[1590]
[1590]
[1590]
[1590]
[1590]
[1590]
[1590]
[1724]
[1724]
[1724]
[1724]
[1724]
[1724]
[1724]
[1724]
[1724]
[1724]
[1724]
[1724]
[1590]
[1590]
[1590]
[1590]
[1590]
[1590]
[1590]
[1590]
[1590]
[1590]
[1590]
[1590]
[1724]
[1724]
[1724]
[1724]
[1724]
[1724]
[1724]
[1724]
[1724]
[1724]
[1724]
[1724]
[1724]
[1724]
[1724]
[1724]
[1724]
[1724]
[1724]
[1724]
[1724]
[1724]
[1724]
[1724]
[1724]
[1724]
[1590]
[1590]
[1590]
[1590]
[1590]
[1590]
[1590]
[1590]
[1590]
[1590]
[1590]
[1590]
[1590]
[1590]
[1590]
[1590]
[1590]
[1590]
[1590]
[1590]
[1590]
[1590]
[1590]
[1590]
[1590]
[1590]
[1724]
[1724]
[1724]
[1724]
[1724]
[1724]
[1724]
[1724]
[1724]
[1724]
[1724]
[1724]
[1590]
[1590]
[1590]
[1590]
[1590]
[1590]
[1590]
[1590]
[1590]
[1590]
[1590]
[1590]
[1724]
[1724]
[1724]
[1724]
[1724]
[1724]
[1724]
[1724]
[1724]
[1724]
[1590]
[1590]
[1590]
[1590]
[1590]
[1590]
[1590]
[1590]
[1590]
[1590]
[1724]
[1724]
[1724]
[1724]
[1724]
[1724]
[1724]
[1724]
[1724]
[1724]
[1724]
[1724]
[1590]
[1590]
[1590]
[1590]
[1590]
[1590]
[1590]
[1590]
[1590]
[1590]
[1590]
[1590]
[1724]
[1724]
[1724]
[1724]
[1724]
[1724]
[1724]
[1724]
[1724]
[1724]
[1724]
[1590]
[1590]
[1590]
[1590]
[1590]
[1590]
[1590]
[1590]
[1590]
[1590]
[1590]
[1724]
[1724]
[1724]
[1724]
[1724]
[1724]
[1724]
[1724]
[1724]
[1724]
[1724]
[1724]
[1724]
[1590]
[1590]
[1590]
[1590]
[1590]
[1590]
[1590]
[1590]
[1590]
[1590]
[1590]
[1590]
[1590]
[1724]
[1724]
[1724]
[1724]
[1724]
[1590]
[1590]
[1590]
[1590]
[1590]
[1724]
[1724]
[1724]
[1724]
[1724]
[1724]
[1724]
[1590]
[1590]
[1590]
[1590]
[1590]
[1590]
[1590]
[1724]
[1724]
[1724]
[1724]
[1724]
[1724]
[1724]
[1724]
[1724]
[1724]
[1724]
[1724]
[1724]
[1724]
[1724]
[1724]
[1724]
[1590]
[1590]
[1590]
[1590]
[1590]
[1590]
[1590]
[1590]
[1590]
[1590]
[1590]
[1590]
[1590]
[1590]
[1590]
[1590]
[1590]
[1724]
[1724]
[1724]
[1724]
[1724]
[1724]
[1724]
[1724]
[1724]
[1724]
[1724]
[1724]
[1724]
[1590]
[1590]
[1590]
[1590]
[1590]
[1590]
[1590]
[1590]
[1590]
[1590]
[1590]
[1590]
[1590]
[1724]
[1724]
[1724]
[1724]
[1724]
[1724]
[1724]
[1724]
[1724]
[1724]
[1724]
[1724]
[1724]
[1724]
[1590]
[1590]
[1590]
[1590]
[1590]
[1590]
[1590]
[1590]
[1590]
[1590]
[1590]
[1590]
[1590]
[1590]
[1724]
[1724]
[1724]
[1724]
[1724]
[1724]
[1724]
[1724]
[1724]
[1724]
[1724]
[1724]
[1724]
[1724]
[1724]
[1724]
[1724]
[1724]
[1724]
[1724]
[1724]
[1724]
[1724]
[1724]
[1724]
[1590]
[1590]
[1590]
[1590]
[1590]
[1590]
[1590]
[1590]
[1590]
[1590]
[1590]
[1590]
[1590]
[1590]
[1590]
[1590]
[1590]
[1590]
[1590]
[1590]
[1590]
[1590]
[1590]
[1590]
[1590]
[1724]
[1725]
[1725]
[1725]
[1725]
[1725]
[1725]
[1725]
[1725]
[1725]
[1725]
[1725]
[1725]
[1725]
[1590]
[1590]
[1590]
[1590]
[1590]
[1590]
[1590]
[1590]
[1590]
[1590]
[1590]
[1590]
[1590]
[1590]
[1725]
[1725]
[1725]
[1725]
[1725]
[1725]
[1725]
[1725]
[1725]
[1725]
[1725]
[1725]
[1725]
[1725]
[1725]
[1725]
[1725]
[1725]
[1725]
[1725]
[1725]
[1725]
[1725]
[1725]
[1725]
[1590]
[1590]
[1590]
[1590]
[1590]
[1590]
[1590]
[1590]
[1590]
[1590]
[1590]
[1590]
[1590]
[1590]
[1590]
[1590]
[1590]
[1590]
[1590]
[1590]
[1590]
[1590]
[1590]
[1590]
[1590]
[1725]
[1725]
[1725]
[1725]
[1725]
[1725]
[1725]
[1725]
[1725]
[1725]
[1725]
[1725]
[1725]
[1590]
[1590]
[1590]
[1590]
[1590]
[1590]
[1590]
[1590]
[1590]
[1590]
[1590]
[1590]
[1590]
[1697]
[1725]
[1725]
[1725]
[1725]
[1725]
[1725]
[1725]
[1725]
[1725]
[1725]
[1725]
[1725]
[1725]
[1725]
[1725]
[1725]
[1725]
[1725]
[1725]
[1725]
[1725]
[1725]
[1725]
[1725]
[1590]
[1590]
[1590]
[1590]
[1590]
[1603]
[1697]
[1725]
[1725]
[1725]
[1725]
[1725]
[1725]
[1725]
[1725]
[1725]
[1725]
[1725]
[1725]
[1725]
[1725]
[1725]
[1725]
[1725]
[1725]
[1725]
[1725]
[1725]
[1725]
[1725]
[1725]
[1725]
[1725]
[1725]
[1725]
[1725]
[1725]
[1725]
[1725]
[1725]
[1725]
[1725]
[1725]
[1725]
[1725]
[1725]
[1725]
[1725]
[1725]
[1725]
[1725]
[1725]
[1725]
[1725]
[1725]
[1725]
[1725]
[1725]
[1725]
[1725]
[1725]
[1725]
[1724]
[1724]
[1724]
[1724]
[1724]
[1724]
[1724]
[1724]
[1724]
[1724]
[1724]
[1724]
[1724]
[1725]
[1724]
[1724]
[1724]
[1724]
[1724]
[1724]
[1724]
[1724]
[1724]
[1724]
[1724]
[1724]
[1724]
[1724]
[1724]
[1724]
[1724]
[1724]
[1724]
[1724]
[1724]
[1724]
[1724]
[1724]
[1724]
[1724]
[1724]
[1724]
[1724]
[1724]
[1724]
[1724]
[1724]
[1724]
[1724]
[1724]
[1724]
[1724]
[1724]
[1724]
[1724]
[1724]
[1724]
[1724]
[1724]
[1724]
[1724]
[1724]
[1724]
[1724]
[1724]
[1724]
[1724]
[1724]
[1724]
[1724]
[1724]
[1724]
[1724]
[1724]
[1724]
[1724]
[1724]
[1724]
[1724]
[1724]
[1724]
[1724]
[1724]
[1724]
[1724]
[1724]
[1724]
[1724]
[1724]
[1724]
[1724]
[1724]
[1724]
[1724]
[1724]
[1724]
[1724]
[1724]
[1724]
[1724]
[1724]
[1724]
[1724]
[1724]
[1724]
[1724]
[1724]
[1724]
[1724]
[1724]
[1724]
[1724]
[1724]
[1724]
[1724]
[1724]
[1724]
[1724]
[1724]
[1724]
[1724]
[1724]
[1724]
[1724]
[1703]
[1703]
[1724]
[1724]
[1724]
[1724]
[1724]
[1724]
[1724]
[1724]
[1724]
[1724]
[1724]
[1724]
[1724]
[1724]
[1724]
[1724]
[1724]
[1724]
[1724]
[1724]
[1724]
[1724]
[1724]
[1724]
[1724]
[1724]
[1723]
[1723]
[1723]
[1762]
[1760]
[1716]
[1721]
[1761]
[650]
[1745]
[1714]
[1140]
[1718]
[1718]
[1718]
[1722]
[1719]
[1721]
[1722]
[1720]
[1720]
[1725]
[1725]
[1725]
[1719]
[1719]
[1719]
[1719]
[1719]
[1721]
[1721]
[1721]
[1721]
[1706]
[1708]
[1706]
[650]
[1719]
[1142]
[1723]
[1723]
[1723]
[1723]
[1723]
[1723]
[1723]
[1723]
[1723]
[1723]
[1720]
[1720]
[1724]
[1724]
[1724]
[1376]
[1505]
[1474]
[1505]
[1443]
[1514]
[1514]
[1514]
[1514]
[1723]
[1746]
[650]
[1725]
[1725]
[1725]
[1725]
[1726]
[1725]
[1731]
[1733]
[1736]
[1731]
[1730]
[1736]
[1717]
[1743]
[1740]
[1738]
[1734]
[1730]
[1738]
[1738]
[1737]
[1736]
[1732]
[1725]
[1725]
[1741]
[1721]
[1721]
[1721]
[1721]
[1721]
[1721]
[1721]
[1724]
[1724]
[167]
[1134]
[1722]
[1722]
[1722]
[1721]
[1721]
[1721]
[1722]
[1722]
[650]
[1724]
[1723]
[1724]
[1724]
[1724]
[1724]
[1723]
[1723]
[1723]
[1145]
[1724]
[1725]
[1722]
[650]
[1722]
[1722]
[1722]
[1722]
[1722]
[1722]
[1723]
[1723]
[1724]
[1724]
[1724]
[1723]
[1141]
[1721]
[1723]
[1760]
[1758]
[1758]
[1758]
[1758]
[1758]
[1758]
[1758]
[1758]
[1758]
[1758]
[1758]
[1758]
[1758]
[1758]
[1758]
[1758]
[1758]
[1758]
[1758]
[1758]
[1758]
[1758]
[1758]
[1758]
[1758]
[1758]
[1758]
[1758]
[1758]
[1758]
[1758]
[1758]
[1758]
[1758]
[1758]
[1758]
[1758]
[1758]
[1758]
[1759]
[1759]
[1759]
[1759]
[1759]
[1758]
[1758]
[1758]
[1758]
[1758]
[1758]
[1758]
[1758]
[1758]
[1758]
[1758]
[1758]
[1758]
[1758]
[1758]
[1758]
[1758]
[1758]
[1758]
[1759]
[1759]
[1759]
[1759]
[1759]
[1759]
[1759]
[1759]
[1759]
[1759]
[1759]
[1759]
[1759]
[1759]
[1759]
[1759]
[1759]
[1758]
[1758]
[1316]
[1758]
[1758]
[1720]
[1769]
[1755]
[1756]
[1762]
[1762]
[1762]
[1762]
[1762]
[1762]
[1762]
[1762]
[1762]
[1762]
[1570]
[1764]
[1762]
[1762]
[1762]
[1762]
[1762]
[1762]
[1762]
[1762]
[1763]
[1762]
[1762]
[1762]
[1762]
[1762]
[1762]
[1762]
[1762]
[1762]
[1762]
[1762]
[1762]
[1763]
[1762]
[1762]
[1762]
[1762]
[1762]
[1762]
[1762]
[1762]
[1762]
[1762]
[1762]
[1762]
[1762]
[1762]
[1762]
[1762]
[1763]
[1763]
[1763]
[1763]
[1762]
[1762]
[1762]
[1762]
[1762]
[1762]
[1762]
[1762]
[1762]
[1762]
[1762]
[1763]
[1763]
[1762]
[1762]
[1762]
[1762]
[1762]
[1762]
[1762]
[1762]
[1762]
[1762]
[1763]
[1763]
[1763]
[1763]
[1762]
[1763]
[1762]
[1762]
[1762]
[1762]
[1762]
[1762]
[1762]
[1762]
[1762]
[1762]
[1762]
[1762]
[1763]
[1763]
[1762]
[1762]
[1763]
[1762]
[1762]
[1762]
[1762]
[1762]
[1762]
[1762]
[1762]
[1762]
[1762]
[1762]
[1762]
[1762]
[1763]
[1762]
[1762]
[1762]
[1762]
[1762]
[1762]
[1763]
[1762]
[1762]
[1762]
[1762]
[1762]
[1762]
[1762]
[1762]
[4]
[4]
[1762]
[1762]
[1762]
[1762]
[1762]
[1762]
[1762]
[1762]
[1763]
[1762]
[1762]
[1762]
[1762]
[1763]
[1763]
[1763]
[1763]
[1763]
[1762]
[1762]
[1762]
[1762]
[1762]
[1762]
[1762]
[1762]
[1762]
[1762]
[1762]
[1762]
[1762]
[1763]
[1763]
[1762]
[1762]
[1762]
[1762]
[1762]
[1762]
[1762]
[1762]
[1762]
[1763]
[1763]
[1762]
[1762]
[1762]
[1762]
[1719]
[1719]
[1762]
[1762]
[1762]
[1762]
[1721]
[1760]
[1758]
[1759]
[1759]
[1759]
[1759]
[1758]
[1758]
[1758]
[1758]
[1758]
[1758]
[1758]
[1758]
[1758]
[1758]
[1758]
[1758]
[1758]
[1758]
[1758]
[1758]
[1758]
[1758]
[1756]
[1751]
[1757]
[1754]
[1720]
[1761]
[1760]
[1760]
[1760]
[1759]
[1759]
[1759]
[1759]
[1759]
[1759]
[1759]
[1759]
[1759]
[1720]
[1720]
[1720]
[1720]
[1760]
[1758]
[1758]
[1760]
[1758]
[1758]
[1738]
[1738]
[1738]
[1139]
[1156]
[1722]
[1717]
[1719]
[1719]
[184]
[177]
[1724]
[1723]
[933]
[1721]
[1707]
[1734]
[1731]
[1729]
[1722]
[1725]
[1720]
[1721]
[1729]
[1729]
[1728]
[1727]
[1723]
[1727]
[1715]
[1731]
[1715]
[1725]
[1753]
[1723]
[1732]
[1727]
[1726]
[1721]
[1728]
[1728]
[1728]
[1723]
[1722]
[1727]
[1727]
[1728]
[1730]
[1730]
[1723]
[1728]
[1721]
[1486]
[1486]
[1486]
[1486]
[1198]
[1486]
[1198]
[1198]
[1198]
[1198]
[1198]
[1198]
[1198]
[1198]
[1198]
[1198]
[1198]
[1198]
[1198]
[1198]
[1198]
[1198]
[1198]
[1198]
[1198]
[1198]
[1198]
[1198]
[1198]
[1719]
[1198]
[1198]
[1198]
[1486]
[1198]
[1486]
[1198]
[1486]
[1198]
[1486]
[1198]
[1486]
[1198]
[1486]
[1198]
[1198]
[1198]
[1213]
[1242]
[1242]
[1242]
[1242]
[1242]
[1227]
[1190]
[1190]
[1190]
[1190]
[1190]
[1190]
[1190]
[1190]
[1190]
[1190]
[1190]
[1190]
[1190]
[1190]
[1190]
[1486]
[1190]
[1486]
[1190]
[1486]
[1190]
[1486]
[1190]
[1486]
[1190]
[1486]
[1190]
[1190]
[1190]
[1190]
[1190]
[1219]
[1219]
[1233]
[1233]
[1233]
[1219]
[1186]
[1186]
[1186]
[1186]
[1186]
[1186]
[1186]
[1186]
[1186]
[1186]
[1186]
[1186]
[1186]
[1483]
[1186]
[1512]
[1186]
[1512]
[1186]
[1478]
[1186]
[1186]
[1478]
[1186]
[1478]
[1186]
[1478]
[1186]
[1449]
[1186]
[1478]
[1186]
[1478]
[1186]
[1478]
[1186]
[1478]
[1186]
[1478]
[1186]
[1478]
[1186]
[1449]
[1186]
[1449]
[1186]
[1141]
[1449]
[1186]
[1449]
[1186]
[1449]
[1186]
[1449]
[1186]
[1449]
[1186]
[1449]
[1186]
[1449]
[1186]
[1449]
[1186]
[1449]
[1186]
[1449]
[1186]
[1449]
[1186]
[1186]
[1449]
[1186]
[1449]
[1186]
[1449]
[1186]
[1478]
[1186]
[1478]
[1186]
[1478]
[1186]
[1478]
[1186]
[1478]
[1186]
[1456]
[1186]
[1449]
[1186]
[1186]
[1449]
[1186]
[1449]
[1186]
[1492]
[1186]
[1492]
[1186]
[1478]
[1186]
[1186]
[1478]
[1478]
[1186]
[1449]
[1186]
[1186]
[1449]
[1449]
[1186]
[1186]
[1449]
[1186]
[1449]
[1186]
[1449]
[1186]
[1449]
[1186]
[1449]
[1186]
[1449]
[1186]
[1449]
[1186]
[1449]
[1186]
[1449]
[1186]
[1449]
[1186]
[1449]
[1186]
[1478]
[1186]
[1478]
[1186]
[1478]
[1186]
[1478]
[1186]
[1478]
[1186]
[1478]
[1186]
[1449]
[1186]
[1449]
[1186]
[1449]
[1186]
[1186]
[1449]
[1449]
[1186]
[1186]
[1449]
[1186]
[1449]
[1186]
[1449]
[1186]
[1449]
[1186]
[1449]
[1186]
[1449]
[1186]
[1449]
[1186]
[1449]
[1186]
[1449]
[1186]
[1449]
[1186]
[1186]
[1449]
[1449]
[1186]
[1449]
[1186]
[1449]
[1186]
[1449]
[1186]
[1449]
[1186]
[1186]
[1449]
[1186]
[1449]
[1186]
[1478]
[1186]
[1478]
[1186]
[1478]
[1186]
[1478]
[1186]
[1478]
[1186]
[1478]
[1186]
[1449]
[1186]
[1456]
[1186]
[1456]
[1186]
[1456]
[1186]
[1456]
[1186]
[1456]
[1186]
[1449]
[1186]
[1449]
[1186]
[1449]
[1186]
[1449]
[1186]
[1449]
[600]
[600]
[600]
[600]
[600]
[600]
[600]
[600]
[600]
[600]
[600]
[600]
[600]
[1186]
[600]
[600]
[600]
[600]
[600]
[600]
[1186]
[1449]
[600]
[600]
[600]
[600]
[600]
[600]
[600]
[1186]
[600]
[1449]
[600]
[600]
[600]
[1186]
[1449]
[600]
[600]
[600]
[600]
[600]
[600]
[1186]
[600]
[1449]
[1186]
[1449]
[1186]
[1449]
[600]
[1186]
[1449]
[1186]
[1449]
[1186]
[1186]
[1449]
[1449]
[1186]
[1449]
[1186]
[1186]
[1449]
[1478]
[1186]
[1478]
[1186]
[1186]
[1478]
[1186]
[1478]
[1186]
[1478]
[1186]
[1478]
[1186]
[1449]
[1186]
[1449]
[1186]
[1449]
[1186]
[1449]
[1186]
[1449]
[1186]
[1449]
[1186]
[1449]
[1186]
[1449]
[1186]
[1449]
[1186]
[1449]
[1186]
[1186]
[1449]
[1186]
[1449]
[1449]
[1186]
[1186]
[1449]
[1186]
[1449]
[1186]
[1449]
[1217]
[1449]
[1217]
[1449]
[1217]
[1449]
[1217]
[1449]
[1449]
[1155]
[1160]
[1158]
[1160]
[1161]
[1155]
[1217]
[1449]
[1449]
[1449]
[1449]
[1478]
[1478]
[1478]
[1478]
[1478]
[1449]
[1449]
[1449]
[1449]
[1449]
[1449]
[1449]
[1449]
[1449]
[1449]
[1449]
[1478]
[1478]
[1478]
[1478]
[1478]
[1478]
[1449]
[1449]
[1449]
[1449]
[1478]
[1478]
[1478]
[1478]
[1478]
[1478]
[1449]
[1449]
[1449]
[1449]
[1449]
[1449]
[1449]
[1449]
[1449]
[1449]
[1449]
[1449]
[1471]
[1493]
[1493]
[1493]
[1478]
[1722]
[1478]
[1449]
[1449]
[1449]
[1449]
[1449]
[1478]
[1478]
[1720]
[1729]
[1478]
[1478]
[1478]
[1478]
[1449]
[1449]
[1449]
[1449]
[1449]
[1464]
[1464]
[1449]
[1449]
[1449]
[1449]
[1449]
[1478]
[1478]
[1478]
[1478]
[1478]
[1478]
[1449]
[1449]
[1449]
[1449]
[1449]
[1478]
[1478]
[1478]
[1478]
[1478]
[1456]
[1449]
[1449]
[1449]
[1449]
[1449]
[1449]
[1449]
[1449]
[1449]
[1449]
[1449]
[1478]
[1478]
[1478]
[1478]
[1478]
[1478]
[1449]
[1449]
[1449]
[1449]
[1449]
[1449]
[1478]
[1478]
[1478]
[1478]
[1478]
[1478]
[1478]
[1478]
[1478]
[1478]
[1478]
[1449]
[1449]
[1449]
[1449]
[1449]
[1449]
[1449]
[1449]
[1449]
[1449]
[1449]
[1721]
[1449]
[1449]
[1449]
[1449]
[1721]
[1449]
[1449]
[1478]
[1478]
[1478]
[1478]
[1478]
[1478]
[1478]
[1478]
[1478]
[1478]
[1478]
[1478]
[1449]
[1449]
[1449]
[1478]
[1478]
[1478]
[1478]
[1478]
[1449]
[1449]
[1449]
[1720]
[1478]
[1478]
[1449]
[1449]
[1449]
[1478]
[1478]
[1478]
[1478]
[1478]
[1449]
[1504]
[1504]
[1500]
[1500]
[1470]
[1470]
[1441]
[1470]
[1470]
[1470]
[1470]
[1470]
[1470]
[1441]
[1470]
[1470]
[1470]
[1470]
[1470]
[1720]
[1720]
[1470]
[1441]
[1441]
[1441]
[1470]
[1470]
[1470]
[1720]
[1470]
[1470]
[1470]
[1441]
[1441]
[1441]
[1441]
[1441]
[1441]
[1441]
[1470]
[1470]
[1470]
[1470]
[1470]
[1441]
[1441]
[1470]
[1470]
[1470]
[1470]
[1470]
[1470]
[1441]
[1441]
[1441]
[1470]
[1470]
[1470]
[1470]
[1470]
[1720]
[1720]
[1470]
[1441]
[1441]
[1441]
[1441]
[1441]
[1441]
[1470]
[1470]
[1470]
[1470]
[1470]
[1470]
[1467]
[1467]
[1462]
[1462]
[1462]
[1462]
[1440]
[1433]
[1433]
[1433]
[1462]
[1462]
[1462]
[1462]
[1462]
[1462]
[1433]
[1433]
[1433]
[1433]
[1433]
[1433]
[1433]
[1433]
[1433]
[1433]
[1433]
[1433]
[1433]
[1433]
[1433]
[1433]
[1433]
[1462]
[1462]
[1462]
[1462]
[1462]
[1462]
[1458]
[1458]
[1458]
[1458]
[1458]
[1458]
[1429]
[1429]
[1429]
[1429]
[1429]
[1429]
[1429]
[1429]
[1429]
[1429]
[1429]
[1458]
[1458]
[1458]
[1458]
[1458]
[1429]
[1429]
[1429]
[1429]
[1429]
[1429]
[1429]
[1458]
[1458]
[1458]
[1458]
[1458]
[1458]
[1429]
[1429]
[1429]
[1429]
[1429]
[1429]
[1429]
[1429]
[1429]
[1429]
[1458]
[1458]
[1458]
[1458]
[1458]
[1458]
[1429]
[1429]
[1429]
[1429]
[1429]
[1429]
[1429]
[1458]
[1458]
[1458]
[1458]
[1458]
[1458]
[1458]
[1458]
[1458]
[1458]
[1458]
[1458]
[1429]
[1429]
[1429]
[1429]
[1429]
[1429]
[1429]
[1429]
[1429]
[1343]
[1374]
[4]
[4]
[4]
[44]
[4]
[4]
[1728]
[1721]
[1719]
[1735]
[1745]
[1763]
[1720]
[1721]
[1143]
[551]
[1721]
[1721]
[1723]
[1721]
[1721]
[551]
[1720]
[1716]
[1771]
[1768]
[1771]
[1772]
[1772]
[1662]
[1673]
[1722]
[1722]
[1722]
[1722]
[1717]
[1717]
[1720]
[1720]
[1720]
[1720]
[1720]
[1720]
[1722]
[1722]
[1722]
[1722]
[1723]
[1723]
[1723]
[1723]
[1142]
[1716]
[1721]
[1721]
[1721]
[1753]
[1755]
[1662]
[1262]
[1721]
[1720]
[1722]
[1753]
[1754]
[1719]
[1719]
[1719]
[1754]
[1307]
[1304]
[1720]
[1720]
[1722]
[1723]
[1718]
[1718]
[1722]
[1721]
[1721]
[1721]
[1721]
[1721]
[1761]
[1759]
[1759]
[1759]
[1759]
[1759]
[1759]
[1759]
[1759]
[1759]
[1760]
[1759]
[1759]
[1759]
[1759]
[1759]
[1759]
[1759]
[1759]
[1759]
[1759]
[1759]
[1759]
[1759]
[1759]
[1760]
[1759]
[1759]
[1759]
[1759]
[1760]
[1759]
[1759]
[1759]
[1759]
[1759]
[1759]
[1759]
[1759]
[1759]
[1759]
[1759]
[1759]
[1759]
[1759]
[1759]
[1759]
[1759]
[1759]
[1759]
[1759]
[1759]
[1759]
[1759]
[1759]
[1759]
[1759]
[1759]
[1759]
[1759]
[1759]
[1759]
[1759]
[1759]
[1759]
[1759]
[1759]
[1760]
[1759]
[1759]
[1759]
[1759]
[1759]
[1759]
[1760]
[1758]
[1758]
[1758]
[1758]
[1758]
[1758]
[1758]
[1758]
[1758]
[1758]
[1758]
[1758]
[1758]
[1759]
[1720]
[1760]
[1758]
[1759]
[1759]
[1759]
[1758]
[1758]
[1758]
[1758]
[1758]
[1758]
[1758]
[1758]
[1758]
[1758]
[1758]
[1758]
[1758]
[1758]
[1758]
[1758]
[1758]
[1758]
[1758]
[1758]
[1758]
[1758]
[1758]
[1758]
[1758]
[1759]
[1759]
[1759]
[1759]
[1759]
[1758]
[1758]
[1758]
[1758]
[1758]
[1758]
[1758]
[1758]
[1758]
[1758]
[1758]
[1758]
[1758]
[1758]
[1759]
[1759]
[1759]
[1759]
[1758]
[1758]
[1758]
[1758]
[1758]
[1758]
[1758]
[1758]
[1758]
[1758]
[1758]
[1758]
[1758]
[1758]
[1758]
[1758]
[1758]
[1758]
[1758]
[1758]
[1759]
[1759]
[1759]
[1758]
[1758]
[1759]
[1759]
[1759]
[1759]
[1759]
[1738]
[1721]
[1721]
[1765]
[1763]
[1763]
[1763]
[1763]
[1764]
[1764]
[1763]
[1763]
[1763]
[1763]
[1763]
[1763]
[1763]
[1763]
[1763]
[1763]
[1763]
[1764]
[1763]
[1763]
[1763]
[1763]
[1763]
[1763]
[1764]
[1762]
[1762]
[1762]
[1762]
[1762]
[1762]
[1762]
[1762]
[1763]
[1762]
[1762]
[1762]
[1762]
[1762]
[1763]
[1762]
[1762]
[1762]
[1762]
[1762]
[1762]
[1762]
[1762]
[1762]
[1763]
[1762]
[1762]
[1762]
[1762]
[1762]
[1762]
[1762]
[1762]
[586]
[2]
[4]
[8]
[59]
[70]
[18]
[32]
[12]
[7]
[45]
[112]
[193]
[46]
[9]
[38]
[11]
[24]
[66]
[27]
[51]
[146]
[16]
[60]
[59]
[1764]
[1762]
[1762]
[1762]
[1762]
[1762]
[1762]
[1762]
[1762]
[1762]
[1762]
[1763]
[1763]
[1762]
[1762]
[1762]
[1762]
[1762]
[1762]
[1762]
[1762]
[1762]
[1762]
[1762]
[1763]
[1763]
[1762]
[1762]
[1762]
[1762]
[1762]
[1762]
[1762]
[1762]
[1762]
[1762]
[1762]
[1763]
[1763]
[1762]
[1762]
[1762]
[1762]
[1762]
[1763]
[1401]
[4]
[99]
[3]
[4]
[5]
[1763]
[10]
[30]
[1748]
[1720]
[4]
[4]
[4]
[4]
[4]
[1569]
[1556]
[1762]
[1762]
[1762]
[1762]
[1763]
[1763]
[1762]
[1762]
[1762]
[1762]
[1762]
[1762]
[1762]
[1762]
[1762]
[1762]
[1762]
[1762]
[1762]
[1762]
[1720]
[1719]
[1721]
[1721]
[1723]
[4]
[1720]
[1720]
[611]
[586]
[1720]
[1721]
[1721]
[1760]
[1758]
[1758]
[1758]
[1758]
[1758]
[1758]
[1758]
[1758]
[1758]
[1759]
[1759]
[1759]
[1759]
[1759]
[1759]
[1759]
[1759]
[1759]
[1759]
[1759]
[1759]
[1759]
[1759]
[1759]
[1758]
[1759]
[1759]
[1759]
[1758]
[1758]
[1758]
[1758]
[1758]
[1758]
[106]
[4]
[4]
[105]
[1763]
[4]
[1763]
[1467]
[1467]
[1202]
[1241]
[1267]
[1226]
[1218]
[1223]
[1228]
[1224]
[1229]
[1222]
[1222]
[1222]
[1227]
[1228]
[1222]
[1222]
[1222]
[1219]
[1222]
[1220]
[1267]
[1226]
[1218]
[1223]
[1224]
[1229]
[1222]
[1222]
[1222]
[1227]
[1228]
[1222]
[1222]
[1222]
[1219]
[1222]
[1220]
[1709]
[1709]
[1709]
[1709]
[1709]
[1710]
[1709]
[1709]
[1709]
[1709]
[1709]
[1710]
[1709]
[1709]
[1709]
[1709]
[1709]
[1710]
[1709]
[1709]
[1709]
[1709]
[1709]
[1710]
[1709]
[1709]
[1709]
[1709]
[1685]
[1578]
[1339]
[1286]
[1275]
[1285]
[1281]
[1276]
[1282]
[13]
[2]
[3]
[6]
[78]
[16]
[195]
[19]
[40]
[9]
[28]
[12]
[20]
[1291]
[1285]
[1243]
[1295]
[1291]
[1286]
[1238]
[1253]
[1252]
[1249]
[1249]
[1253]
[1285]
[1638]
[937]
[1046]
[1046]
[611]
[586]
[1364]
[1447]
[1406]
[1423]
[1419]
[1407]
[1411]
[1424]
[1432]
[1433]
[1435]
[1432]
[1478]
[1478]
[1470]
[1492]
[1469]
[1474]
[1470]
[1470]
[1471]
[1482]
[1472]
[1477]
[1441]
[1431]
[1434]
[1425]
[1440]
[1444]
[1498]
[1720]
[1721]
[1721]
[1721]
[1721]
[1717]
[1717]
[1720]
[1697]
[1701]
[1701]
[1701]
[1701]
[1701]
[1702]
[1703]
[1703]
[1703]
[1703]
[1703]
[1704]
[1704]
[1704]
[1705]
[1705]
[1705]
[1706]
[1707]
[1707]
[1708]
[1709]
[1709]
[1710]
[1710]
[1710]
[1710]
[1710]
[1710]
[1711]
[1711]
[1714]
[1717]
[1717]
[1719]
[1721]
[1722]
[1726]
[1726]
[1727]
[1728]
[1729]
[1733]
[1724]
[1726]
[1727]
[1728]
[1563]
[1568]
[1740]
[1751]
[1740]
[937]
[1141]
[1140]
[1718]
[1721]
[1721]
[1721]
[1721]
[272]
[1375]
[1375]
[937]
[1671]
[1719]
[180]
[4]
[93]
[18]
[105]
[4]
[4]
[180]
[4]
[93]
[18]
[105]
[4]
[12]
[4]
[4]
[4]
[4]
[4]
[94]
[4]
[4]
[4]
[4]
[4]
[4]
[4]
[4]
[4]
[4]
[4]
[4]
[1139]
[4]
[4]
[4]
[4]
[4]
[4]
[4]
[4]
[4]
[4]
[4]
[4]
[4]
[4]
[4]
[4]
[4]
[4]
[4]
[4]
[4]
[611]
[4]
[4]
[4]
[4]
[4]
[4]
[62]
[10]
[22]
[11]
[1309]
[1601]
[1598]
[1592]
[1600]
[1601]
[1595]
[1615]
[1589]
[1591]
[1593]
[1597]
[1602]
[1593]
[1592]
[1593]
[1595]
[1598]
[1606]
[1607]
[1556]
[1606]
[1606]
[1630]
[1166]
[1722]
[1676]
[1720]
[1434]
[551]
[1720]
[1382]
[1346]
[1346]
[1346]
[1434]
[1434]
[1434]
[1434]
[1434]
[1722]
[1720]
[551]
[1721]
[1722]
[1758]
[1736]
[1768]
[1758]
[1753]
[1736]
[1745]
[1745]
[1750]
[1749]
[1746]
[1747]
[1751]
[1749]
[1748]
[1748]
[1749]
[1757]
[1723]
[1763]
[1763]
[1763]
[1763]
[1720]
[1720]
[1763]
[1765]
[1763]
[1763]
[1763]
[1763]
[1763]
[1763]
[1763]
[1763]
[1763]
[1763]
[1763]
[1763]
[1763]
[1763]
[1763]
[1763]
[1763]
[1763]
[1763]
[1763]
[1763]
[1764]
[1764]
[1764]
[1764]
[1764]
[1764]
[1763]
[1763]
[1763]
[1763]
[1763]
[1763]
[1763]
[1763]
[1763]
[1763]
[1763]
[1763]
[1763]
[1763]
[1763]
[1763]
[1763]
[1763]
[1763]
[1763]
[1763]
[1763]
[1763]
[1763]
[1763]
[1763]
[1763]
[1763]
[1763]
[1764]
[1764]
[1764]
[1764]
[1764]
[1764]
[1763]
[1763]
[1763]
[1763]
[1763]
[1763]
[1763]
[1763]
[1763]
[1763]
[1763]
[1763]
[1763]
[1763]
[1763]
[1763]
[1763]
[1763]
[1763]
[1763]
[1763]
[1763]
[1763]
[1763]
[1763]
[1763]
[1763]
[1763]
[1763]
[1763]
[1763]
[1763]
[1763]
[1763]
[1764]
[1764]
[1764]
[1764]
[1764]
[1764]
[1764]
[1764]
[1764]
[1764]
[1764]
[1764]
[1764]
[1717]
[1452]
[1285]
[10]
[14]
[10]
[14]
[1434]
[5]
[14]
[1720]
[1720]
[1720]
[10]
[14]
[10]
[14]
[1377]
[1377]
[1377]
[1721]
[1722]
[4]
[1721]
[4]
[4]
[4]
[1365]
[1721]
[88]
[73]
[1]
[74]
[14]
[1]
[74]
[73]
[14]
[1]
[74]
[73]
[14]
[15]
[20]
[31]
[60]
[4]
[4]
[4]
[263]
[4]
[4]
[4]
[20]
[31]
[263]
[1717]
[10]
[2]
[116]
[117]
[2]
[116]
[10]
[117]
[21]
[21]
[21]
[21]
[23]
[1]
[21]
[21]
[23]
[1]
[23]
[1]
[21]
[21]
[21]
[23]
[23]
[1]
[1]
[21]
[21]
[21]
[23]
[23]
[23]
[23]
[1]
[1]
[21]
[21]
[1]
[21]
[23]
[1]
[21]
[23]
[23]
[23]
[1]
[1]
[21]
[23]
[1]
[21]
[23]
[1]
[21]
[23]
[1]
[21]
[23]
[1]
[21]
[23]
[1]
[1142]
[1]
[21]
[1]
[10]
[10]
[10]
[21]
[10]
[10]
[10]
[10]
[10]
[10]
[21]
[10]
[10]
[10]
[10]
[21]
[10]
[10]
[10]
[10]
[21]
[21]
[1]
[1]
[21]
[21]
[1]
[10]
[21]
[21]
[10]
[1]
[21]
[1]
[10]
[1723]
[1717]
[1716]
[1717]
[1718]
[1716]
[1720]
[1718]
[1720]
[1717]
[1720]
[1719]
[1718]
[1716]
[1717]
[1717]
[1717]
[1718]
[1719]
[1720]
[1722]
[1719]
[1416]
[1410]
[1419]
[1420]
[1381]
[1422]
[1374]
[937]
[943]
[1394]
[1396]
[1391]
[1397]
[1397]
[1391]
[1426]
[1400]
[1402]
[1404]
[1408]
[1413]
[1404]
[1403]
[1404]
[1406]
[1409]
[1352]
[1402]
[1392]
[1345]
[1387]
[1393]
[1336]
[1353]
[1395]
[1389]
[1391]
[1369]
[1392]
[1397]
[1394]
[1366]
[1338]
[1367]
[1388]
[1358]
[1356]
[1307]
[1302]
[1357]
[1354]
[1311]
[1361]
[1414]
[1719]
[1719]
[1721]
[1427]
[1219]
[1389]
[1721]
[1721]
[1720]
[1722]
[1722]
[1717]
[144]
[1]
[3]
[10]
[76]
[10]
[177]
[21]
[26]
[1719]
[1719]
[1754]
[1754]
[1722]
[1721]
[1721]
[1746]
[1]
[2]
[3]
[96]
[10]
[10]
[10]
[76]
[177]
[144]
[88]
[1720]
[1720]
[1720]
[1258]
[1722]
[1721]
[1721]
[1761]
[6]
[122]
[1]
[4]
[4]
[61]
[275]
[282]
[22]
[253]
[183]
[37]
[49]
[114]
[410]
[37]
[543]
[29]
[216]
[208]
[78]
[121]
[60]
[41]
[209]
[60]
[1721]
[1519]
[1723]
[1744]
[1720]
[1359]
[1359]
[4]
[4]
[4]
[1719]
[1719]
[1719]
[4]
[4]
[4]
[1655]
[1720]
[1719]
[1353]
[1353]
[1718]
[1718]
[1718]
[1718]
[1718]
[1709]
[1711]
[1711]
[1711]
[1715]
[1707]
[1707]
[1707]
[1707]
[1707]
[1707]
[1707]
[1707]
[1710]
[1709]
[1709]
[1709]
[1709]
[1709]
[1709]
[1715]
[1724]
[1724]
[1724]
[1724]
[1724]
[1724]
[1726]
[1726]
[1726]
[1726]
[1726]
[1726]
[1726]
[1726]
[1728]
[1730]
[1747]
[1765]
[1708]
[1713]
[1721]
[1721]
[1722]
[1722]
[1723]
[1722]
[1721]
[1719]
[1763]
[4]
[4]
[188]
[4]
[4]
[56]
[4]
[132]
[7]
[8]
[4]
[4]
[4]
[4]
[1756]
[4]
[4]
[4]
[4]
[262]
[4]
[4]
[4]
[4]
[262]
[6]
[1721]
[1750]
[1139]
[1742]
[1473]
[1214]
[1141]
[1720]
[1753]
[1753]
[1722]
[1722]
[1722]
[1720]
[1757]
[1146]
[1720]
[1720]
[1720]
[1723]
[1734]
[1737]
[1737]
[1737]
[1737]
[1744]
[196]
[937]
[937]
[1720]
[1720]
[1720]
[1720]
[1721]
[1721]
[1437]
[1719]
[1719]
[1719]
[1719]
[1720]
[4]
[4]
[7]
[131]
[59]
[5]
[10]
[76]
[952]
[912]
[1718]
[1140]
[1718]
[1719]
[1719]
[1720]
[1435]
[1435]
[1753]
[1720]
[1762]
[1720]
[1720]
[1754]
[1721]
[1721]
[1719]
[1486]
[1486]
[1486]
[1719]
[1719]
[1762]
[1762]
[1762]
[1762]
[1762]
[1762]
[1762]
[1762]
[1762]
[1762]
[1762]
[1762]
[1762]
[1762]
[1762]
[1762]
[1762]
[1762]
[1762]
[1762]
[1762]
[1762]
[1762]
[1762]
[1763]
[1763]
[1762]
[1762]
[1762]
[1762]
[1762]
[1762]
[1762]
[1762]
[1762]
[1762]
[1762]
[1762]
[1763]
[1762]
[1762]
[1762]
[1762]
[1762]
[1762]
[1762]
[1762]
[1762]
[1762]
[1762]
[1763]
[1763]
[1762]
[1762]
[1762]
[1762]
[1762]
[1762]
[1762]
[1762]
[1762]
[1762]
[1762]
[1763]
[1762]
[1762]
[1762]
[1762]
[1762]
[1762]
[1762]
[1762]
[1762]
[1762]
[1762]
[1763]
[1762]
[1762]
[1762]
[1762]
[1762]
[1762]
[1762]
[1762]
[1762]
[1762]
[1762]
[1762]
[1762]
[1762]
[1762]
[1762]
[1762]
[1763]
[1762]
[1762]
[1762]
[1762]
[1762]
[1762]
[1763]
[1762]
[1762]
[1762]
[1762]
[1762]
[1762]
[1763]
[1762]
[1762]
[1762]
[1764]
[1762]
[1762]
[1762]
[1762]
[1762]
[1762]
[1762]
[1762]
[1762]
[1763]
[1763]
[1762]
[1762]
[1762]
[1762]
[1762]
[1762]
[1762]
[1762]
[1762]
[1762]
[1762]
[1762]
[1763]
[1763]
[1763]
[1763]
[1762]
[1762]
[1762]
[1762]
[1762]
[1762]
[1762]
[1762]
[1762]
[1762]
[1763]
[1762]
[1762]
[1762]
[1762]
[1762]
[1762]
[1762]
[1762]
[1762]
[1763]
[1762]
[1762]
[1762]
[1762]
[1762]
[1762]
[1763]
[1762]
[1762]
[1762]
[1762]
[1762]
[1762]
[1762]
[1762]
[1763]
[1762]
[1762]
[1762]
[1762]
[1762]
[1762]
[1762]
[1762]
[1762]
[1762]
[1762]
[1762]
[1762]
[1762]
[1762]
[1763]
[1762]
[1763]
[1762]
[1762]
[1762]
[1762]
[1762]
[1762]
[1762]
[1762]
[1762]
[1763]
[1762]
[1763]
[1763]
[1762]
[1762]
[1762]
[1762]
[1762]
[1762]
[1762]
[1762]
[1762]
[1763]
[1763]
[1763]
[1762]
[1762]
[1762]
[1762]
[1762]
[1720]
[1764]
[1762]
[1762]
[1762]
[1763]
[1763]
[1762]
[1762]
[1762]
[1762]
[1762]
[1762]
[1762]
[1762]
[1762]
[1763]
[1762]
[1762]
[1762]
[1762]
[1762]
[1763]
[1763]
[1763]
[1763]
[1763]
[1763]
[1763]
[1763]
[1763]
[1763]
[1763]
[1763]
[1763]
[1763]
[1763]
[1763]
[1763]
[1764]
[1763]
[1763]
[1763]
[1763]
[1763]
[1763]
[1763]
[1763]
[1764]
[1763]
[1763]
[1763]
[1763]
[1763]
[1763]
[1763]
[1763]
[1764]
[1763]
[1763]
[1763]
[1763]
[1763]
[1764]
[1763]
[1763]
[1763]
[1763]
[1487]
[1763]
[1763]
[1763]
[1764]
[1763]
[1763]
[1763]
[1763]
[1763]
[1764]
[1763]
[1763]
[1763]
[1763]
[1763]
[1763]
[1763]
[1764]
[1763]
[1763]
[1763]
[1763]
[1763]
[1763]
[1763]
[1763]
[1764]
[1764]
[1764]
[1763]
[1763]
[1763]
[1763]
[1763]
[1763]
[1763]
[1763]
[1763]
[1764]
[1764]
[1763]
[1763]
[1763]
[1763]
[1763]
[1728]
[1747]
[1765]
[1763]
[1763]
[1763]
[1763]
[1763]
[1763]
[1763]
[1763]
[1763]
[1763]
[1764]
[1764]
[1747]
[1763]
[1763]
[1764]
[1763]
[1763]
[1763]
[1763]
[1763]
[1763]
[1763]
[1764]
[1764]
[1764]
[1763]
[1763]
[1763]
[1763]
[1763]
[1763]
[1763]
[1763]
[1763]
[1763]
[1764]
[1764]
[1763]
[1763]
[1763]
[1763]
[1763]
[1763]
[1763]
[1763]
[1763]
[1764]
[1764]
[1763]
[1763]
[1763]
[1763]
[1763]
[1763]
[1763]
[1763]
[1763]
[1763]
[1763]
[1763]
[1764]
[1764]
[1764]
[1764]
[1764]
[1763]
[1763]
[1763]
[1763]
[1763]
[1763]
[1763]
[1764]
[1763]
[1763]
[1763]
[1763]
[1763]
[1763]
[1764]
[1764]
[1763]
[1763]
[1763]
[1763]
[1763]
[1763]
[1763]
[1763]
[1763]
[1764]
[1763]
[1763]
[1763]
[1763]
[1763]
[1763]
[1763]
[1763]
[1763]
[1764]
[1763]
[1763]
[1764]
[1763]
[1763]
[1763]
[1763]
[1763]
[1763]
[1764]
[1764]
[1763]
[1763]
[1761]
[1734]
[1733]
[1732]
[1764]
[1764]
[1763]
[1763]
[1763]
[1763]
[1764]
[1764]
[1763]
[1763]
[1763]
[1763]
[1763]
[1763]
[1763]
[1763]
[1763]
[1764]
[1764]
[1763]
[1763]
[1763]
[1763]
[1764]
[1763]
[1763]
[1763]
[1763]
[1763]
[1763]
[1764]
[1763]
[1763]
[1763]
[1763]
[1764]
[1764]
[1764]
[1763]
[1763]
[1763]
[1763]
[1763]
[1763]
[1763]
[1763]
[1764]
[1764]
[1763]
[1763]
[1763]
[1763]
[1763]
[1764]
[1763]
[1763]
[1763]
[1764]
[1763]
[1763]
[1763]
[1763]
[1763]
[1764]
[1765]
[1763]
[1763]
[1763]
[1763]
[1763]
[1764]
[1763]
[1763]
[1763]
[1763]
[1763]
[1763]
[1763]
[1763]
[1763]
[1764]
[1764]
[1763]
[1763]
[1763]
[1763]
[1763]
[1763]
[1764]
