[3, 3, 3]
[4, 6]
[4, 6, 3]
[4, 6, 3]
[4, 6, 3]
[114]
[114]
[5, 3, 10]
[5, 3, 10]
[2, 3, 4]
[6, 3, 3]
[6, 3, 3]
[7, 4]
[1085, 2, 7, 5, 6, 3, 7]
[680, 2, 7, 5, 6, 3, 7]
[1007, 2, 2, 7, 5, 3, 7]
[2, 2, 7, 5, 21, 3, 7]
[2, 2, 7, 5, 21, 3, 7]
[2, 7, 5, 3, 7, 864]
[2, 7, 5, 3, 7, 864]
[2, 2, 7, 5, 21, 3, 7]
[473, 2, 7, 5, 13, 4, 7]
[3, 6, 2, 6, 7, 5, 3, 7]
[7, 2, 5, 45, 6, 3, 7]
[51, 2, 7, 5, 13, 3, 7]
[2, 7, 5, 1076, 6, 3, 7]
[2, 7, 5, 61, 6, 3, 7]
[2, 7, 5, 1076, 6, 3, 7]
[2, 7, 5, 3, 16, 7]
[2, 7, 5, 3, 7, 756]
[2, 6, 7, 5, 3, 7]
[2, 6, 4, 5, 7, 10]
[3, 2, 6, 7, 5, 7, 6]
[3, 2, 6, 7, 5, 7, 6]
[2, 6, 7, 5, 3, 7]
[10, 3, 15]
[2, 7, 86, 5, 3, 7]
[2, 7, 5, 1021, 3, 7]
[2, 14, 7, 5, 3, 7]
[15, 10, 3]
[15, 10, 3]
[45, 3]
[10, 3, 4]
[10, 3, 4]
[10, 3, 4]
[6, 2, 4, 5, 929, 3, 7]
[10, 3, 2]
[3, 9, 3]
[5, 2, 3, 5, 9, 15, 10]
[5, 2, 3, 5, 9, 15, 10]
[5, 2, 3, 5, 9, 15, 10]
[5, 2, 3, 5, 9, 15, 10]
[10, 7, 2, 4, 5, 13, 612, 7]
[10, 5, 7, 2, 4, 5, 13, 7]
[10, 5, 7, 2, 4, 5, 13, 7]
[3, 6]
[3, 6]
[3, 6]
[7, 10]
[7, 10]
[12, 10]
[6, 10]
[6, 10]
[6, 10]
[1, 4, 3]
[1475, 7, 4]
[1475, 7, 4]
[6, 3, 3]
[5, 2, 10, 2, 3, 5, 13, 7]
[5, 2, 10, 2, 3, 5, 13, 7]
[5, 2, 10, 2, 3, 5, 13, 7]
[6, 4]
[6, 4]
[3, 8, 3]
[3, 8, 3]
[3, 6]
[3, 6]
[3, 6]
[3, 6]
[3, 6]
[3, 6]
[3, 6]
[3, 6]
[3, 6]
[3, 6]
[3, 6]
[3, 6]
[6]
[6, 4]
[15, 3, 10]
[10, 4]
[10, 4]
[10, 4]
[38, 9, 2, 3, 6, 7, 3]
[38, 9, 2, 3, 6, 7, 3]
[38, 9, 2, 3, 6, 7, 3]
[38, 9, 2, 3, 6, 7, 3]
[38, 9, 2, 3, 6, 7, 3]
[38, 9, 2, 3, 6, 7, 3]
[38, 9, 2, 3, 6, 7, 3]
[38, 9, 2, 3, 6, 7, 3]
[38, 9, 2, 3, 6, 7, 3]
[38, 9, 2, 3, 6, 7, 3]
[38, 9, 2, 3, 6, 7, 3]
[38, 9, 2, 3, 6, 7, 3]
[38, 9, 2, 3, 6, 7, 3]
[38, 9, 2, 3, 6, 7, 3]
[38, 9, 2, 3, 6, 7, 3]
[38, 9, 2, 3, 6, 7, 3]
[38, 9, 2, 3, 6, 7, 3]
[38, 9, 2, 3, 6, 7, 3]
[38, 9, 2, 3, 6, 7, 3]
[38, 9, 2, 3, 6, 7, 3]
[38, 9, 2, 3, 6, 7, 3]
[38, 9, 2, 3, 6, 7, 3]
[]
[45, 3]
[38, 9, 2, 3, 6, 7, 3]
[38, 9, 2, 3, 6, 7, 3]
[38, 9, 2, 3, 6, 7, 3]
[4, 10]
[4, 10]
[4, 10]
[10, 4]
[4, 10]
[45, 3]
[3]
[15, 3, 10]
[3, 6]
[3, 6]
[869, 3, 15]
[1517, 3, 22]
[114]
[15, 9, 4]
[15, 2, 3, 4, 5, 10, 9]
[15, 2, 3, 4, 5, 10, 9]
[10, 3, 15]
[10, 3, 15]
[15, 9, 4]
[15, 9, 4]
[3, 3, 4]
[3, 10, 4]
[3, 10, 4]
[13, 7, 3, 4, 7]
[13, 7, 3, 4, 7]
[2, 2, 6, 2]
[2, 2, 6, 2]
[10, 3, 9]
[3, 4]
[10, 3, 15]
[10, 3, 15]
[114]
[114]
[3, 4]
[9, 4]
[15, 9, 4]
[2, 6, 4, 5, 6, 3, 7]
[10, 2, 3, 5, 15, 7, 6]
[10, 2, 3, 5, 15, 7, 6]
[9, 4]
[9, 4]
[9, 4]
[45, 3]
[2, 4, 10, 5, 13, 9]
[45, 3]
[2, 5, 10, 15, 9, 5]
[2, 15, 3, 10, 5, 9, 5]
[]
[3, 3, 3]
[3, 3, 3]
[28, 10, 2, 3, 5, 13, 7]
[28, 10, 2, 3, 5, 13, 7]
[28, 10, 2, 3, 5, 13, 7]
[15, 3, 4]
[15, 3, 4]
[1051, 8]
[5, 9, 11, 21, 15, 8, 5, 27, 6, 520, 19]
[5, 9, 11, 21, 15, 8, 5, 27, 6, 520, 19]
[5, 9, 11, 21, 15, 8, 5, 27, 6, 520, 19]
[5, 9, 11, 21, 15, 8, 5, 27, 6, 520, 19]
[5, 9, 11, 21, 15, 8, 5, 27, 6, 520, 19]
[5, 9, 11, 21, 15, 8, 5, 27, 6, 520, 19]
[6, 4]
[6, 4]
[6, 4]
[8, 1481]
[114]
[3, 2, 4]
[7, 4]
[78, 2, 7, 5, 4, 3, 7]
[2, 7, 5, 3, 1417, 8, 7]
[5, 9, 11, 21, 19, 15, 8, 520, 19]
[6, 3, 3]
[4]
[4]
[36, 3]
[36, 3]
[15, 20, 2, 7, 5, 10, 16, 3, 3]
[15, 20, 2, 7, 5, 10, 16, 3, 3]
[3, 9, 4]
[3, 9, 4]
[3, 17, 4]
[3, 7, 4]
[3, 7, 4]
[3, 17, 4]
[]
[]
[]
[]
