[10, 9, 3, 1, 3, 4]
[3, 3]
[10, 9, 1, 3, 4, 3]
[3, 3]
[3, 3]
[3, 3]
[3, 3]
[3, 3]
[3, 3]
[3, 3]
[3, 3]
[3, 3]
[10, 9, 6, 9, 11, 1, 10, 3, 3, 4]
[10, 9, 6, 9, 11, 1, 10, 3, 4, 3]
[10, 3, 9, 6, 9, 11, 1, 10, 3, 4]
[3, 3]
[3, 3]
[10, 9, 6, 9, 11, 1, 10, 3, 3, 4]
[10, 9, 6, 9, 11, 3, 1, 10, 3, 4]
[10, 9, 6, 9, 11, 1, 10, 3, 3, 4]
[9, 113, 4, 3, 9, 7, 13, 4]
[4, 126, 15, 3, 5, 24]
[3, 3]
[10, 9, 6, 9, 11, 3, 1, 10, 3, 4]
[10, 9, 6, 9, 11, 3, 1, 10, 3, 4]
[3, 3]
[10, 3, 9, 6, 9, 11, 1, 10, 3, 4]
[10, 9, 3, 6, 9, 11, 1, 10, 3, 4]
[3, 3]
[10, 9, 6, 9, 11, 1, 10, 3, 4, 3]
[3, 3]
[10, 9, 6, 9, 11, 1, 10, 3, 4, 3]
[10, 9, 6, 9, 11, 3, 1, 10, 3, 4]
[3, 10, 9, 6, 9, 11, 1, 10, 3, 4]
[10, 9, 6, 9, 11, 1, 10, 3, 4, 3]
[3, 4]
[3, 4]
[3, 4]
[3, 4]
[3, 4]
[3, 4]
[3, 4]
[3, 4]
[3, 4]
[3, 4]
[3, 4]
[3, 4]
[3, 4]
[3, 4]
[3, 4]
[3, 4]
[3, 4]
[3, 4]
[3, 4]
[3, 4]
[3, 4]
[3, 4]
[3, 4]
[3, 4]
[3, 4]
[3, 4]
[3, 4]
[3, 4]
[3, 4]
[3, 4]
[3, 4]
[3, 4]
[3, 4]
[3, 4]
[3, 4]
[3, 4]
[3, 4]
[3, 4]
[3, 4]
[3, 4]
[3, 4]
[3, 4]
[3, 4]
[3, 4]
[3, 4]
[3, 4]
[3, 4]
[3, 4]
[3, 4]
[3, 4]
[3, 4]
[3, 4]
[3, 4]
[3, 4]
[3, 4]
[3, 4]
[3, 4]
[3, 4]
[3, 4]
[3, 4]
[3, 4]
[16, 13, 7, 4, 66, 4, 7, 3, 18, 7]
[10, 9, 6, 9, 11, 1, 10, 3, 4, 3]
[10, 9, 6, 9, 11, 1, 10, 3, 4, 3]
[10, 9, 6, 9, 11, 1, 10, 3, 4, 3]
[10, 9, 6, 9, 11, 1, 10, 3, 4, 3]
[10, 9, 6, 3, 9, 11, 1, 10, 3, 4]
[10, 9, 6, 9, 11, 3, 1, 10, 3, 4]
[10, 9, 6, 9, 11, 1, 10, 3, 3, 4]
[3, 3]
[10, 9, 6, 9, 11, 4, 1, 10, 3, 3]
[10, 9, 6, 9, 11, 3, 1, 10, 3, 4]
[10, 9, 6, 9, 11, 3, 1, 10, 3, 4]
[10, 9, 6, 9, 11, 3, 1, 10, 3, 4]
[10, 9, 6, 9, 11, 3, 1, 10, 3, 4]
[16, 15, 7, 4, 10, 4, 66, 7, 3, 7]
[16, 15, 7, 4, 4, 66, 7, 10, 3, 7]
[16, 7, 4, 4, 66, 7, 11, 3, 6, 7]
[16, 7, 4, 4, 66, 7, 9, 3, 14, 7]
[16, 7, 7, 12, 4, 4, 66, 7, 3, 7]
[9, 113, 4, 3, 9, 7, 13, 4]
[4, 126, 15, 3, 5, 24]
[10, 9, 6, 3, 9, 11, 1, 10, 3, 4]
[2, 8, 4, 8, 4, 3, 6, 5, 6]
[2, 8, 4, 8, 4, 3, 6, 6]
[2, 8, 7, 4, 8, 4, 3, 6, 6]
[2, 8, 4, 8, 4, 3, 6]
[2, 2, 8, 4, 8, 4, 3, 6]
[2, 7, 8, 4, 4, 6, 3, 6]
[3, 3, 4]
[3, 3, 4]
[3, 3, 4]
[3, 3, 4]
[3, 3, 4]
[3, 3, 4]
[3, 3, 4]
[6, 2, 2, 8, 4, 4, 3, 6, 6]
[2, 9, 8, 4, 4, 3, 6, 8]
[2, 8, 4, 8, 4, 3, 5, 6]
[2, 4, 4, 3, 13, 6]
[3, 3, 4]
[3, 3, 4]
[10, 9, 6, 3, 9, 11, 1, 10, 3, 4]
[10, 9, 6, 3, 9, 11, 1, 10, 3, 4]
[10, 9, 6, 3, 9, 11, 1, 10, 3, 4]
[10, 9, 6, 9, 11, 3, 1, 10, 3, 4]
[10, 9, 6, 9, 11, 3, 1, 10, 3, 4]
[10, 3, 9, 6, 9, 11, 1, 10, 3, 4]
[10, 9, 6, 9, 11, 3, 1, 10, 3, 4]
[10, 9, 6, 9, 11, 3, 1, 10, 3, 4]
[10, 9, 6, 9, 11, 3, 1, 10, 3, 4]
[3, 3]
[10, 9, 6, 9, 11, 1, 10, 3, 3, 4]
[10, 9, 6, 9, 11, 3, 1, 10, 3, 4]
[10, 9, 1, 10, 3, 3, 4]
[13, 6, 9, 3, 449, 2, 10, 8]
[13, 6, 9, 3, 449, 2, 10, 8]
[5, 9, 11, 21, 7, 15, 8, 27, 19, 520, 11]
[10, 9, 6, 9, 11, 1, 10, 3, 4, 3]
[16, 4, 7, 4, 4, 40, 7, 3, 9, 13]
[16, 67, 7, 9, 4, 14, 4, 7, 3, 7]
[16, 3, 37]
[1070, 4, 1]
[16, 3, 37]
[4, 1072, 1]
[3, 10, 9, 6, 9, 11, 1, 10, 3, 4]
[3, 10, 9, 6, 9, 11, 1, 10, 3, 4]
[10, 9, 6, 9, 11, 1, 10, 3, 3, 4]
[10, 9, 6, 9, 11, 3, 1, 10, 3, 4]
[10, 9, 6, 9, 11, 3, 1, 10, 3, 4]
[3, 3]
[10, 9, 6, 9, 11, 1, 10, 3, 4, 3]
[3, 10, 9, 6, 9, 11, 1, 10, 3, 4]
[3, 3]
[10, 9, 6, 9, 11, 1, 3, 10, 3, 4]
[3, 3]
[5, 9, 11, 21, 7, 15, 8, 27, 11, 520, 19]
[5, 9, 11, 21, 7, 15, 8, 27, 11, 520, 19]
[5, 9, 11, 21, 7, 15, 11, 8, 27, 520, 19]
[10, 9, 6, 9, 11, 1, 3, 10, 3, 4]
[10, 9, 6, 9, 11, 1, 3, 10, 3, 4]
[10, 9, 6, 9, 11, 1, 3, 10, 3, 4]
[10, 9, 6, 9, 11, 1, 3, 10, 3, 4]
[5, 9, 11, 21, 4, 12, 15, 8, 3, 27, 520, 19]
[10, 9, 6, 9, 11, 1, 10, 3, 4, 3]
[10, 9, 6, 9, 11, 3, 1, 10, 3, 4]
[10, 9, 6, 9, 11, 3, 1, 10, 3, 4]
[10, 9, 6, 9, 11, 3, 1, 10, 3, 4]
[10, 9, 6, 9, 11, 3, 1, 10, 3, 4]
[3, 3]
[10, 9, 6, 9, 11, 1, 3, 10, 3, 4]
[19, 2, 8, 8, 3, 566, 6, 3, 6]
[1392, 3, 9]
[3, 9, 1400]
[3, 9, 1394]
[3, 9, 1383]
[3, 3, 4]
[3, 1371, 9]
[6, 19, 2, 2, 8, 3, 566, 6, 3, 6]
[3, 3, 4]
[19, 7, 2, 8, 6, 3, 566, 3, 6]
[19, 2, 3, 566, 13, 3, 6]
[19, 2, 8, 8, 3, 566, 3, 6]
[19, 9, 2, 8, 3, 566, 3, 6, 8]
[19, 2, 2, 8, 8, 3, 566, 3, 6]
[19, 2, 8, 7, 8, 3, 566, 6, 3, 6]
[19, 2, 8, 8, 3, 566, 3, 5, 6]
[19, 2, 8, 8, 3, 566, 6, 3, 5, 6]
[3, 3, 4]
[3, 3, 4]
[3, 3, 4]
[3, 3, 4]
[3, 3, 4]
[3, 3, 4]
[3, 3, 4]
[1379, 3, 9]
[3, 3, 4]
[3, 3, 4]
[3, 9, 3]
[3, 3, 4]
[3, 9, 1394]
[3, 3]
[16, 7, 4, 4, 66, 7, 3, 7, 12, 7]
[3, 3]
[16, 7, 4, 4, 66, 15, 7, 10, 3, 7]
[3, 10, 9, 6, 9, 11, 1, 10, 3, 4]
[16, 11, 6, 7, 4, 66, 4, 7, 3, 7]
[16, 14, 7, 4, 4, 66, 7, 9, 3, 7]
[16, 7, 4, 66, 4, 7, 3, 12, 7, 7]
[10, 767, 19, 3, 2, 10]
[13, 6, 9, 767, 3, 2, 10, 8]
[13, 16, 767, 3, 13, 6, 2, 10, 13]
[767, 3, 13, 2, 10, 13, 13]
[16, 7, 9, 4, 66, 4, 7, 3, 7, 14]
[3, 3]
[15, 16, 7, 4, 66, 4, 7, 10, 3, 7]
[4, 4, 296, 4, 13]
[4, 4, 4, 13]
[16, 4, 7, 4, 4, 40, 7, 3, 9, 13]
[4, 126, 15, 3, 5, 24]
[9, 113, 4, 3, 9, 7, 13, 4]
[3, 3]
[3, 3]
[16, 3, 37]
[1069, 4, 1]
[1069, 4, 1]
[16, 3, 37]
[3, 3]
[3, 3]
[10, 9, 6, 9, 11, 1, 10, 3, 4, 3]
[10, 9, 6, 9, 11, 1, 10, 3, 4, 3]
[10, 9, 6, 9, 11, 3, 1, 10, 3, 4]
[3, 3]
[29, 4]
[3, 3]
[10, 9, 6, 9, 11, 1, 10, 3, 3, 4]
[10, 9, 6, 9, 11, 1, 10, 3, 3, 4]
[10, 9, 6, 9, 11, 1, 10, 3, 3, 4]
[10, 9, 6, 9, 11, 1, 10, 3, 3, 4]
[16, 4, 7, 4, 4, 40, 7, 3, 9, 13]
[10, 9, 6, 9, 11, 1, 3, 10, 3, 4]
[10, 9, 6, 9, 11, 1, 3, 10, 3, 4]
[10, 9, 6, 9, 11, 1, 3, 10, 3, 4]
[10, 9, 6, 9, 11, 1, 3, 10, 3, 4]
[10, 9, 6, 9, 11, 1, 3, 10, 3, 4]
[8, 3, 5, 3, 6, 4, 1]
[10, 9, 6, 3, 9, 11, 1, 10, 3, 4]
[4, 338, 10, 10, 8, 3, 7]
[8, 338, 12, 7, 10, 6, 8, 3, 1]
[2, 20, 8, 338, 7, 10, 8, 3, 6, 8]
[14, 7, 12, 338, 7, 10, 8, 3, 5]
[8, 338, 8, 15, 3, 13, 21]
[21, 8, 8, 338, 10, 6, 8, 3, 9]
[338, 20, 14, 8, 3]
[8, 338, 10, 8, 3]
[13, 6, 338, 7, 10, 8, 3, 18]
[13, 6, 338, 7, 10, 8, 3, 18]
[7, 338, 10, 6, 8, 3, 11]
[338, 7, 10, 8, 16, 3, 6]
[10, 17, 8, 338, 7, 10, 8, 5, 3]
[2, 20, 8, 338, 7, 10, 8, 3, 6, 8]
[10, 338, 7, 10, 8, 3, 8]
[8, 338, 8, 3, 5, 19]
[9, 18, 8, 8, 338, 7, 10, 8, 2, 3, 6, 35]
[338, 7, 10, 8, 3, 8, 37]
[338, 7, 10, 8, 3, 8, 37]
[8, 338, 10, 8, 20, 3]
[14, 12, 30, 338, 5, 7, 10, 8, 3, 19, 7]
[20, 338, 7, 10, 8, 3, 9, 8]
[17, 338, 7, 10, 8, 3, 12]
[6, 14, 338, 7, 10, 6, 8, 3]
[11, 338, 7, 10, 11, 8, 3, 9]
[5, 7, 3, 8, 3, 3, 12]
[18, 338, 7, 10, 7, 14, 8, 3]
[6, 338, 7, 10, 8, 24, 3, 6, 6, 25]
[8, 338, 7, 10, 8, 3, 6, 17, 8]
[5, 3, 3, 8]
[338, 7, 10, 41, 8, 3, 8]
[7, 6, 338, 6, 7, 11, 10, 3, 9, 6]
[338, 7, 10, 14, 8, 3, 5, 6]
[6, 9, 11, 338, 10, 8, 3, 5, 6]
[8, 5, 11, 338, 10, 6, 8, 3, 12, 4, 4]
[338, 7, 10, 14, 8, 3, 5, 6]
[8, 9, 2, 12, 338, 14, 10, 6, 8, 3, 6]
[10, 338, 10, 6, 14, 8, 9, 3]
[6, 338, 7, 10, 6, 8, 3, 40]
[8, 338, 7, 10, 6, 8, 3, 9, 6]
[338, 7, 10, 8, 3, 4, 9, 6, 18]
[6, 11, 338, 10, 6, 8, 3]
[8, 14, 10, 338, 12, 8, 3]
[21, 338, 7, 12, 10, 8, 3, 5]
[8, 338, 3]
[19, 8, 338, 7, 10, 8, 3, 5, 12]
[8, 9, 2, 12, 338, 14, 10, 6, 8, 3, 6]
[18, 8, 338, 3]
[6, 30, 338, 7, 10, 6, 8, 3]
[19, 8, 338, 7, 10, 8, 3, 5, 12]
[7, 13, 338, 10, 6, 13, 8, 3, 3]
[30, 7, 338, 7, 10, 8, 3]
[7, 6, 338, 10, 6, 8, 14, 3, 12, 6]
[8, 338, 20, 3]
[338, 7, 10, 8, 3, 9, 11]
[6, 338, 7, 10, 6, 8, 3, 21]
[10, 338, 10, 6, 8, 3, 7, 6]
[14, 18, 338, 7, 10, 8, 3]
[8, 10, 14, 1, 338, 8, 3]
[13, 338, 7, 10, 8, 3, 6]
[11, 338, 7, 10, 8, 3, 6]
[8, 338, 7, 10, 8, 3, 6, 17, 8]
[13, 338, 7, 10, 8, 3, 13, 5, 6]
[10, 9, 6, 9, 11, 1, 10, 3, 3, 4]
[10, 9, 6, 9, 11, 1, 10, 3, 3, 4]
[10, 9, 6, 9, 11, 1, 10, 3, 3, 4]
[10, 9, 6, 9, 11, 1, 10, 3, 3, 4]
[10, 9, 6, 9, 11, 1, 3, 10, 3, 4]
[10, 9, 6, 9, 11, 1, 3, 10, 3, 4]
[10, 9, 6, 9, 11, 1, 3, 10, 3, 4]
[10, 9, 6, 9, 11, 1, 3, 10, 3, 4]
[10, 9, 6, 9, 11, 3, 1, 10, 3, 4]
[10, 9, 6, 9, 11, 3, 1, 10, 3, 4]
[3, 3]
[3, 3]
[3, 3]
[19, 2, 8, 8, 3, 566, 6, 3, 5, 6]
[19, 2, 8, 8, 3, 566, 6, 3, 6]
[19, 9, 2, 8, 3, 566, 3, 6, 8]
[19, 7, 2, 8, 6, 3, 566, 3, 6]
[19, 2, 2, 8, 8, 3, 566, 3, 6]
[6, 15, 795, 9, 3]
[6, 19, 2, 2, 8, 3, 566, 6, 3, 6]
[19, 2, 3, 566, 13, 3, 6]
[6, 9, 795, 9, 3]
[19, 2, 8, 8, 3, 566, 3, 6]
[3, 6, 11, 795, 7, 9, 3]
[6, 9, 18, 795, 7, 9, 6, 3, 6]
[19, 2, 8, 8, 3, 566, 3, 5, 6]
[19, 2, 8, 7, 8, 3, 566, 6, 3, 6]
[3, 3, 4]
[6, 6, 795, 9, 3, 6, 15]
[3, 3, 4]
[3, 3, 4]
[3, 3, 4]
[3, 3, 4]
[3, 3, 4]
[3, 3, 4]
[3, 3, 4]
[3, 3, 4]
[3, 3, 4]
[3, 3, 4]
[3, 3, 4]
[27, 15, 9, 3, 3, 6, 9]
[5, 17, 795, 9, 3, 9]
[9, 8, 12, 795, 9, 3, 7]
[3, 3]
[10, 3, 9, 6, 9, 11, 1, 10, 3, 4]
[10, 3, 9, 6, 9, 11, 1, 10, 3, 4]
[10, 3, 9, 6, 9, 11, 1, 10, 3, 4]
[10, 3, 9, 6, 9, 11, 1, 10, 3, 4]
[3, 26, 42]
[3, 26, 42]
[3, 26, 42]
[3, 26, 42]
[3, 26, 42]
[3, 26, 42]
[3, 26, 42]
[3, 26, 42]
[5, 9, 11, 21, 19, 15, 8, 520, 19]
[16, 3, 37]
[4, 1068, 1]
[16, 3, 37]
[4, 1065, 1]
[8, 3, 5, 3, 6, 4, 1]
[3, 3]
[3, 3]
[9, 113, 4, 3, 9, 7, 13, 4]
[4, 126, 15, 3, 5, 24]
[3, 3]
[3, 3]
[10, 9, 6, 9, 11, 3, 1, 10, 3, 4]
[10, 9, 6, 9, 11, 1, 10, 3, 4, 3]
[10, 9, 6, 9, 11, 1, 10, 3, 4, 3]
[3, 3]
[3, 3]
[10, 9, 6, 9, 11, 1, 10, 3, 3, 4]
[10, 9, 6, 9, 11, 1, 10, 3, 4, 3]
[16, 3, 37]
[1069, 4, 1]
[3, 3]
[3, 3]
[3, 3]
[3, 3]
[10, 9, 6, 9, 11, 1, 10, 3, 4, 3]
[4, 6, 17, 123, 7, 5]
[5, 4, 949]
[2, 10, 17, 7, 499, 4]
[5, 4, 949]
[9, 113, 4, 3, 9, 7, 13, 4]
[4, 126, 15, 3, 5, 24]
[1, 82, 3, 6, 9]
[10, 9, 6, 9, 11, 3, 1, 10, 3, 4]
[3, 3]
[16, 17, 12, 7, 4, 66, 4, 7, 3, 7]
[10, 9, 6, 9, 11, 3, 1, 10, 3, 4]
[10, 9, 6, 9, 11, 3, 1, 10, 3, 4]
[10, 9, 6, 9, 11, 3, 1, 10, 3, 4]
[10, 9, 6, 9, 11, 3, 1, 10, 3, 4]
[16, 13, 8, 7, 4, 66, 4, 7, 3, 7]
[16, 16, 7, 4, 66, 4, 7, 11, 3, 7]
[1067, 5, 4, 6, 21, 1, 15, 1]
[16, 3, 37]
[16, 7, 4, 4, 66, 7, 18, 3, 7, 13]
[10, 9, 6, 9, 11, 3, 1, 10, 3, 4]
[10, 9, 6, 9, 11, 3, 1, 10, 3, 4]
[10, 9, 6, 9, 11, 3, 1, 10, 3, 4]
[10, 9, 6, 9, 11, 3, 1, 10, 3, 4]
[16, 7, 4, 66, 4, 7, 3, 7, 18, 13]
[16, 14, 7, 4, 19, 66, 4, 7, 3, 7]
[6, 16, 7, 4, 66, 4, 7, 3, 7, 11]
[3, 3]
[16, 7, 4, 4, 66, 7, 3, 11, 7, 16]
[16, 10, 7, 4, 66, 4, 7, 3, 7, 5]
[16, 6, 7, 4, 66, 4, 7, 11, 3, 7]
[16, 19, 7, 4, 66, 4, 7, 14, 3, 7]
[10, 9, 6, 9, 11, 1, 10, 3, 4, 3]
[16, 7, 4, 4, 66, 11, 7, 3, 6, 7]
[3, 3]
[3, 3]
[5, 16, 7, 4, 4, 66, 7, 3, 10, 7]
[16, 10, 7, 4, 4, 66, 7, 3, 5, 7]
[3, 3]
[3, 3]
[3, 3]
[10, 9, 6, 9, 11, 1, 3, 10, 3, 4]
[10, 3, 9, 6, 9, 11, 1, 10, 3, 4]
[9, 113, 4, 3, 9, 7, 13, 4]
[4, 126, 15, 3, 5, 24]
[10, 9, 6, 9, 11, 1, 10, 3, 4, 3]
[10, 9, 6, 9, 11, 3, 1, 10, 3, 4]
[10, 9, 1, 10, 3, 3, 4]
[10, 3, 9, 6, 9, 11, 1, 10, 3, 4]
[10, 9, 1, 10, 3, 4, 3]
[3, 3]
[10, 9, 6, 9, 11, 3, 1, 10, 3, 4]
[10, 9, 6, 9, 11, 3, 1, 10, 3, 4]
[10, 9, 6, 9, 11, 3, 1, 10, 3, 4]
[10, 9, 6, 9, 11, 3, 1, 10, 3, 4]
[3, 3]
[3, 10, 9, 6, 9, 11, 1, 10, 3, 4]
[3, 10, 9, 6, 9, 11, 1, 10, 3, 4]
[3, 10, 9, 6, 9, 11, 1, 10, 3, 4]
[3, 10, 9, 6, 9, 11, 1, 10, 3, 4]
[10, 9, 6, 9, 11, 1, 10, 3, 3, 4]
[3, 9]
[3, 3]
[3, 3]
[3, 3]
[10, 9, 6, 9, 11, 1, 10, 3, 4, 3]
[10, 9, 6, 9, 11, 1, 10, 3, 4, 3]
[10, 9, 6, 9, 11, 1, 10, 3, 4, 3]
[10, 9, 6, 9, 11, 1, 10, 3, 4, 3]
[10, 9, 6, 9, 11, 1, 10, 3, 4, 3]
[10, 9, 6, 9, 11, 1, 10, 3, 4, 3]
[10, 9, 6, 9, 11, 1, 10, 3, 4, 3]
[10, 9, 6, 9, 11, 1, 10, 3, 4, 3]
[3, 3]
[3, 3]
[16, 3, 37]
[3, 3]
[3, 3]
[3, 3]
[3, 3]
[10, 9, 6, 9, 11, 3, 1, 10, 3, 4]
[4, 1072, 1]
[16, 3, 37]
[16, 3, 37]
[16, 3, 37]
[4, 1072, 1]
[4, 1073, 1]
[4, 1068, 1]
[16, 3, 37]
[3, 3]
[10, 9, 6, 9, 11, 4, 1, 10, 3, 3]
[10, 9, 6, 9, 11, 1, 10, 3, 3, 4]
[7, 8, 1, 33, 2, 2, 2, 3, 6, 5, 6, 5, 9, 10, 1, 157]
[3, 3]
[3, 3]
[10, 9, 6, 9, 11, 1, 10, 3, 4, 3]
[3, 3]
[9, 113, 4, 3, 9, 7, 13, 4]
[4, 126, 15, 3, 5, 24]
[16, 7, 9, 4, 66, 4, 7, 3, 14, 7]
[10, 9, 6, 9, 11, 3, 1, 10, 3, 4]
[10, 9, 3, 6, 9, 11, 1, 10, 3, 4]
[10, 9, 6, 9, 11, 1, 10, 3, 3, 4]
[16, 3, 37]
[4, 1, 1066]
[16, 13, 7, 4, 66, 4, 7, 3, 7, 8]
[10, 9, 6, 9, 11, 1, 3, 10, 3, 4]
[14, 16, 7, 4, 66, 4, 7, 3, 9, 7]
[10, 9, 3, 6, 9, 11, 1, 10, 3, 4]
[9, 113, 4, 3, 9, 7, 13, 4]
[4, 126, 15, 3, 5, 24]
[16, 7, 4, 4, 66, 19, 7, 3, 7, 14]
[16, 7, 4, 4, 66, 11, 7, 3, 6, 7]
[10, 9, 6, 9, 11, 3, 1, 10, 3, 4]
[16, 15, 10, 7, 4, 66, 4, 7, 3, 7]
[16, 7, 4, 4, 66, 7, 3, 11, 7, 6]
[16, 7, 4, 4, 66, 7, 6, 3, 11, 7]
[16, 19, 14, 7, 4, 66, 4, 7, 3, 7]
[9, 113, 4, 3, 9, 7, 13, 4]
[4, 126, 15, 3, 5, 24]
[10, 9, 6, 9, 11, 1, 10, 3, 4, 3]
[10, 9, 6, 3, 9, 11, 1, 10, 3, 4]
[16, 7, 13, 4, 66, 4, 7, 3, 7, 18]
[16, 3, 37]
[4, 1067, 1]
[16, 7, 4, 66, 4, 7, 7, 3, 12, 7]
[3, 3]
[10, 9, 6, 9, 11, 4, 1, 10, 3, 3]
[3, 3]
[3, 3]
[10, 9, 6, 9, 11, 3, 1, 10, 3, 4]
[3, 3]
[16, 3, 37]
[16, 3, 37]
[3, 3]
[1069, 4, 1]
[16, 3, 37]
[16, 3, 37]
[3, 3]
[3, 3]
[750, 2, 5, 3, 13, 9, 11, 5, 55]
[750, 2, 5, 3, 13, 9, 11, 5, 55]
[2, 5, 3, 9, 13, 11, 5, 747, 55]
[2, 5, 3, 9, 13, 11, 5, 747, 55]
[2, 5, 749, 3, 13, 9, 11, 5, 55]
[2, 5, 744, 3, 13, 9, 11, 5, 55]
[750, 2, 5, 3, 13, 9, 11, 5, 55]
[2, 5, 3, 13, 746, 9, 11, 5, 55]
[750, 2, 5, 3, 13, 9, 11, 5, 55]
[2, 5, 3, 751, 13, 9, 11, 5, 55]
[752, 2, 5, 3, 13, 9, 11, 5, 55]
[2, 5, 744, 3, 13, 9, 11, 5, 55]
[2, 5, 745, 3, 13, 9, 11, 5, 55]
[750, 2, 5, 3, 13, 9, 11, 5, 55]
[2, 5, 3, 9, 13, 11, 5, 747, 55]
[2, 5, 744, 3, 13, 9, 11, 5, 55]
[2, 5, 3, 13, 746, 9, 11, 5, 55]
[750, 2, 5, 3, 13, 9, 11, 5, 55]
[2, 5, 748, 3, 13, 9, 11, 5, 55]
[752, 2, 5, 3, 13, 9, 11, 5, 55]
[2, 5, 3, 751, 13, 9, 11, 5, 55]
[2, 5, 3, 13, 746, 9, 11, 5, 55]
[2, 5, 3, 751, 13, 9, 11, 5, 55]
[2, 5, 748, 3, 13, 9, 11, 5, 55]
[2, 5, 3, 751, 13, 9, 11, 5, 55]
[2, 5, 3, 751, 13, 9, 11, 5, 55]
[3, 10, 9, 6, 9, 11, 1, 10, 3, 4]
[3, 10, 9, 6, 9, 11, 1, 10, 3, 4]
[3, 10, 9, 6, 9, 11, 1, 10, 3, 4]
[3, 10, 9, 6, 9, 11, 1, 10, 3, 4]
[4, 126, 15, 3, 5, 24]
[9, 113, 4, 3, 9, 7, 13, 4]
[10, 9, 6, 9, 11, 1, 10, 3, 4, 3]
[10, 9, 6, 9, 11, 1, 10, 3, 4, 3]
[10, 9, 6, 9, 11, 1, 10, 3, 4, 3]
[10, 9, 6, 9, 11, 1, 10, 3, 4, 3]
[4, 126, 15, 3, 5, 24]
[9, 113, 4, 3, 9, 7, 13, 4]
[3, 1]
[2, 8, 1, 3]
[10, 3, 9, 1, 10, 3, 4]
[3, 3]
[10, 9, 6, 9, 11, 3, 1, 10, 3, 4]
[10, 9, 6, 9, 11, 3, 1, 10, 3, 4]
[10, 9, 6, 9, 11, 3, 1, 10, 3, 4]
[10, 9, 6, 9, 11, 3, 1, 10, 3, 4]
[10, 9, 6, 9, 11, 3, 1, 10, 3, 4]
[10, 9, 6, 9, 11, 3, 1, 10, 3, 4]
[10, 9, 6, 9, 11, 3, 1, 10, 3, 4]
[10, 9, 6, 9, 11, 3, 1, 10, 3, 4]
[9, 113, 4, 3, 9, 7, 13, 4]
[4, 126, 15, 3, 5, 24]
[3, 3]
[3, 3]
[3, 3]
[3, 3]
[10, 9, 6, 9, 11, 1, 3, 10, 3, 4]
[10, 9, 6, 9, 11, 1, 3, 10, 3, 4]
[10, 9, 6, 9, 11, 1, 3, 10, 3, 4]
[10, 9, 6, 9, 11, 1, 3, 10, 3, 4]
[10, 9, 6, 9, 11, 3, 1, 10, 3, 4]
[3, 10, 9, 1, 10, 3, 4]
[10, 9, 1, 10, 3, 3, 4]
[10, 9, 1, 10, 3, 4, 3]
[4, 1064, 1]
[16, 3, 37]
[16, 3, 37]
[4, 1067, 1]
[1069, 4, 1]
[16, 3, 37]
[3, 3]
[16, 3, 37]
[4, 1068, 1]
[3, 3]
[3, 3]
[4, 126, 15, 3, 5, 24]
[9, 113, 4, 3, 9, 7, 13, 4]
[3, 3]
[10, 3, 9, 1, 10, 3, 4]
[10, 9, 6, 9, 11, 3, 1, 10, 3, 4]
[10, 9, 6, 9, 11, 1, 3, 10, 3, 4]
[3, 3]
[10, 9, 6, 9, 11, 1, 3, 10, 3, 4]
[10, 3, 9, 6, 9, 11, 1, 10, 3, 4]
[10, 3, 9, 6, 9, 11, 1, 10, 3, 4]
[10, 3, 9, 6, 9, 11, 1, 10, 3, 4]
[10, 3, 9, 6, 9, 11, 1, 10, 3, 4]
[16, 67, 9, 7, 4, 4, 7, 14, 3, 7]
[3, 3]
[16, 7, 4, 66, 4, 7, 14, 9, 3, 7]
[9, 113, 4, 3, 9, 7, 13, 4]
[4, 126, 15, 3, 5, 24]
[16, 7, 4, 4, 66, 7, 3, 7, 9, 14]
[16, 7, 4, 4, 66, 7, 8, 3, 7, 13]
[3, 3]
[3, 3]
[16, 13, 7, 4, 66, 4, 7, 8, 3, 7]
[16, 3, 37]
[16, 3, 37]
[16, 13, 8, 7, 4, 66, 4, 7, 3, 7]
[16, 17, 7, 4, 66, 4, 7, 12, 3, 7]
[3, 3]
[3, 3]
[16, 3, 37]
[16, 7, 4, 4, 66, 7, 12, 7, 3, 7]
[9, 113, 4, 3, 9, 7, 13, 4]
[4, 126, 15, 3, 5, 24]
[16, 19, 7, 4, 66, 4, 7, 3, 7, 14]
[16, 10, 7, 4, 66, 4, 7, 3, 7, 5]
[7, 5, 2, 7, 60, 2, 9, 4, 3]
[13, 6, 9, 767, 3, 2, 10, 8]
[9, 113, 4, 3, 9, 7, 13, 4]
[4, 126, 15, 3, 5, 24]
[16, 19, 7, 4, 66, 4, 7, 3, 14, 7]
[3, 3]
[10, 9, 6, 9, 11, 1, 10, 3, 3, 4]
[16, 67, 12, 7, 4, 4, 7, 3, 17, 7]
[10, 9, 6, 9, 11, 1, 10, 3, 3, 4]
[3, 3]
[16, 3, 37]
[3, 3]
[16, 3, 37]
[4, 1064, 1]
[16, 3, 37]
[1062, 4, 1]
[3, 3]
[3, 3]
[3, 3]
[3, 3]
[3, 3]
[10, 3, 9, 6, 9, 11, 1, 10, 3, 4]
[10, 9, 6, 9, 11, 1, 10, 3, 3, 4]
[10, 9, 3, 6, 9, 11, 1, 10, 3, 4]
[3, 3]
[9, 113, 4, 3, 9, 7, 13, 4]
[4, 126, 15, 3, 5, 24]
[10, 9, 6, 9, 11, 1, 10, 3, 3, 4]
[3, 3]
[13, 6, 9, 767, 3, 2, 10, 8]
[767, 3, 13, 2, 10, 13, 13]
[10, 767, 19, 3, 2, 10]
[7, 5, 2, 7, 60, 2, 9, 4, 3]
[13, 16, 767, 3, 13, 6, 2, 10, 13]
[9, 15, 767, 6, 3, 2, 46, 9, 10]
[16, 67, 13, 7, 4, 4, 7, 3, 7, 18]
[4, 126, 15, 3, 5, 24]
[9, 113, 4, 3, 9, 7, 13, 4]
[4, 1072, 1]
[16, 3, 37]
[8, 3, 5, 3, 6, 4, 1]
[3, 3]
[3, 3]
[3, 3]
[3, 3]
[2, 1, 174, 25, 4, 3, 7, 3]
[16, 3, 37]
[155, 1, 29, 174, 2, 5, 3]
[7, 10, 172, 2, 4, 3, 1, 2]
[2, 1, 5, 2, 174, 12, 3, 2]
[3, 1, 2, 174, 3, 247, 3, 2]
[3, 1, 289, 2, 174, 3, 3, 2]
[3, 1, 289, 2, 174, 3, 3, 2]
[7, 1, 2, 174, 4, 6, 3, 2]
[1, 4, 3, 174]
[10, 9, 6, 9, 11, 3, 1, 10, 3, 4]
[10, 9, 6, 3, 9, 11, 1, 10, 3, 4]
[16, 19, 7, 4, 66, 4, 7, 3, 14, 7]
[10, 9, 6, 9, 11, 1, 3, 10, 3, 4]
[16, 19, 14, 7, 4, 4, 66, 7, 3, 7]
[3, 3]
[16, 7, 4, 4, 66, 7, 5, 3, 7, 10]
[10, 9, 6, 9, 11, 1, 10, 3, 4, 3]
[16, 17, 7, 4, 66, 4, 7, 3, 12, 7]
[16, 10, 7, 15, 4, 4, 66, 7, 3, 7]
[16, 7, 4, 4, 66, 19, 7, 14, 3, 7]
[14, 16, 9, 7, 4, 66, 4, 7, 3, 7]
[3, 3]
[16, 7, 4, 7, 12, 66, 4, 7, 3, 7]
[16, 3, 37]
[3, 3]
[16, 3, 37]
[4, 1067, 1]
[15, 16, 10, 7, 4, 66, 4, 7, 3, 7]
[4, 126, 15, 3, 5, 24]
[9, 113, 4, 3, 9, 7, 13, 4]
[16, 7, 16, 4, 11, 66, 4, 7, 3, 7]
[16, 9, 7, 4, 66, 4, 7, 3, 7, 14]
[9, 113, 4, 3, 9, 7, 13, 4]
[4, 126, 15, 3, 5, 24]
[16, 4, 7, 4, 4, 40, 7, 3, 9, 13]
[10, 9, 3, 1, 10, 3, 4]
[16, 3, 37]
[4, 1, 1066]
[752, 2, 5, 3, 13, 9, 11, 5, 55]
[2, 5, 755, 3, 13, 9, 11, 5, 55]
[750, 2, 5, 3, 13, 9, 11, 5, 55]
[2, 5, 756, 3, 13, 9, 11, 5, 55]
[2, 5, 756, 3, 13, 9, 11, 5, 55]
[2, 5, 756, 3, 13, 9, 11, 5, 55]
[2, 753, 5, 3, 13, 9, 11, 5, 55]
[2, 753, 5, 3, 13, 9, 11, 5, 55]
[757, 2, 5, 3, 13, 9, 11, 5, 55]
[2, 5, 3, 751, 13, 9, 11, 5, 55]
[2, 753, 5, 3, 13, 9, 11, 5, 55]
[759, 2, 5, 3, 13, 9, 11, 5, 55]
[757, 2, 5, 3, 13, 9, 11, 5, 55]
[2, 5, 3, 9, 13, 11, 5, 121, 55]
[2, 5, 3, 9, 13, 11, 5, 121, 55]
[2, 5, 744, 3, 13, 9, 11, 5, 55]
[2, 5, 748, 3, 13, 9, 11, 5, 55]
[2, 742, 5, 3, 13, 9, 11, 5, 55]
[2, 5, 3, 9, 13, 11, 5, 747, 55]
[2, 5, 744, 3, 13, 9, 11, 5, 55]
[750, 2, 5, 3, 13, 9, 11, 5, 55]
[2, 5, 748, 3, 13, 9, 11, 5, 55]
[2, 5, 748, 3, 13, 9, 11, 5, 55]
[2, 5, 3, 13, 746, 9, 11, 5, 55]
[2, 5, 745, 3, 13, 9, 11, 5, 55]
[2, 742, 5, 3, 13, 9, 11, 5, 55]
[2, 3]
[2, 3]
[2, 3]
[10, 9, 6, 9, 11, 1, 10, 3, 4, 3]
[10, 9, 6, 9, 11, 3, 1, 10, 3, 4]
[10, 9, 1, 10, 3, 3, 4]
[9, 113, 4, 3, 9, 7, 13, 4]
[4, 126, 15, 3, 5, 24]
[3, 3]
[3, 3]
[3, 3]
[3, 3]
[10, 9, 6, 9, 11, 1, 10, 3, 4, 3]
[10, 9, 6, 9, 11, 1, 10, 3, 4, 3]
[10, 9, 6, 9, 11, 1, 10, 3, 4, 3]
[10, 9, 6, 9, 11, 1, 10, 3, 4, 3]
[10, 9, 6, 9, 11, 1, 10, 3, 4, 3]
[4, 126, 15, 3, 5, 24]
[9, 113, 4, 3, 9, 7, 13, 4]
[3, 3]
[3, 3]
[3, 3]
[3, 3]
[3, 3]
[10, 3, 9, 1, 10, 3, 4]
[3, 3]
[3, 3]
[16, 3, 37]
[4, 1072, 1]
[3, 3]
[16, 7, 4, 4, 66, 7, 8, 13, 3, 7]
[16, 8, 7, 4, 13, 66, 4, 7, 3, 7]
[3, 3]
[3, 3]
[3, 3]
[3, 3]
[13, 18, 16, 7, 4, 66, 4, 7, 3, 7]
[16, 3, 37]
[16, 12, 7, 4, 66, 4, 7, 3, 17, 7]
[16, 7, 4, 4, 66, 7, 12, 3, 7, 7]
[4, 1073, 1]
[16, 3, 37]
[4, 980, 1]
[16, 3, 37]
[3, 3]
[16, 7, 4, 4, 66, 7, 16, 3, 7, 11]
[16, 17, 67, 12, 7, 4, 4, 7, 3, 7]
[14, 16, 7, 4, 19, 66, 4, 7, 3, 7]
[16, 13, 7, 4, 66, 4, 7, 3, 7, 18]
[16, 7, 4, 4, 66, 7, 3, 10, 5, 7]
[3, 3]
[8, 10, 14, 1, 338, 8, 3]
[4, 338, 10, 10, 8, 3, 7]
[14, 18, 338, 7, 10, 8, 3]
[13, 338, 7, 10, 8, 3, 6]
[8, 338, 20, 3]
[7, 6, 338, 10, 6, 8, 14, 3, 12, 6]
[11, 338, 7, 10, 8, 3, 6]
[13, 338, 7, 10, 8, 3, 13, 5, 6]
[338, 7, 10, 8, 3, 9, 11]
[8, 338, 7, 10, 8, 3, 6, 17, 8]
[13, 6, 9, 3, 449, 2, 10, 8]
[16, 14, 7, 4, 4, 66, 7, 3, 7, 9]
[10, 9, 6, 9, 11, 4, 1, 10, 3, 3]
[10, 9, 6, 3, 9, 11, 1, 10, 3, 4]
[10, 3, 9, 6, 9, 11, 1, 10, 3, 4]
[10, 3, 9, 6, 9, 11, 1, 10, 3, 4]
[10, 9, 6, 9, 11, 1, 10, 3, 3, 4]
[16, 11, 7, 4, 4, 66, 7, 6, 3, 7]
[16, 7, 4, 4, 66, 7, 3, 13, 7, 18]
[16, 7, 4, 4, 66, 7, 7, 3, 7, 12]
[16, 7, 4, 66, 14, 4, 7, 3, 7, 9]
[16, 14, 9, 7, 4, 66, 4, 7, 3, 7]
[10, 9, 6, 9, 11, 1, 10, 3, 3, 4]
[13, 16, 7, 4, 66, 4, 7, 3, 8, 7]
[16, 10, 7, 4, 5, 66, 4, 7, 3, 7]
[16, 3, 37]
[4, 1068, 1]
[3, 3]
[3, 3]
[3, 3]
[3, 3]
[16, 3, 37]
[10, 9, 6, 9, 11, 3, 1, 10, 3, 4]
[10, 9, 6, 9, 11, 3, 1, 10, 3, 4]
[10, 9, 6, 9, 11, 3, 1, 10, 3, 4]
[10, 9, 6, 9, 11, 3, 1, 10, 3, 4]
[10, 9, 6, 9, 11, 1, 10, 3, 3, 4]
[10, 9, 6, 9, 11, 1, 10, 3, 3, 4]
[10, 9, 6, 9, 11, 1, 10, 3, 3, 4]
[10, 9, 6, 9, 11, 1, 10, 3, 3, 4]
[10, 9, 6, 9, 11, 1, 10, 3, 3, 4]
[10, 9, 6, 9, 11, 1, 10, 3, 3, 4]
[10, 9, 6, 9, 11, 1, 10, 3, 3, 4]
[10, 9, 6, 9, 11, 1, 10, 3, 3, 4]
[10, 9, 6, 9, 11, 1, 10, 3, 3, 4]
[10, 9, 6, 9, 11, 1, 10, 3, 3, 4]
[10, 9, 6, 9, 11, 1, 10, 3, 3, 4]
[10, 9, 6, 9, 11, 1, 10, 3, 3, 4]
[3, 3]
[16, 3, 37]
[4, 1067, 1]
[10, 9, 1, 10, 3, 3, 4]
[10, 9, 3, 1, 10, 3, 4]
[3, 3]
[9, 113, 4, 3, 9, 7, 13, 4]
[4, 126, 15, 3, 5, 24]
[752, 2, 5, 3, 13, 9, 11, 5, 55]
[2, 5, 749, 3, 13, 9, 11, 5, 55]
[2, 5, 749, 3, 13, 9, 11, 5, 55]
[2, 5, 3, 9, 13, 11, 5, 747, 55]
[2, 753, 5, 3, 13, 9, 11, 5, 55]
[752, 2, 5, 3, 13, 9, 11, 5, 55]
[752, 2, 5, 3, 13, 9, 11, 5, 55]
[2, 5, 3, 9, 13, 11, 5, 754, 55]
[2, 5, 748, 3, 13, 9, 11, 5, 55]
[2, 5, 749, 3, 13, 9, 11, 5, 55]
[2, 753, 5, 3, 13, 9, 11, 5, 55]
[752, 2, 5, 3, 13, 9, 11, 5, 55]
[2, 5, 3, 13, 746, 9, 11, 5, 55]
[9, 113, 4, 3, 9, 7, 13, 4]
[4, 126, 15, 3, 5, 24]
[3, 3]
[9, 4, 1435]
[10, 9, 6, 28, 7, 11, 12, 1, 10, 4, 7, 3]
[10, 9, 6, 28, 7, 11, 12, 1, 10, 5, 7, 3]
[10, 9, 6, 28, 7, 11, 12, 1, 10, 5, 7, 3]
[10, 9, 6, 28, 7, 11, 12, 1, 10, 4, 7, 3]
[6, 32, 12, 11, 3, 6]
[10, 9, 6, 32, 12, 11, 21, 10, 3, 4]
[6, 32, 12, 11, 3, 5, 6]
[10, 9, 6, 9, 11, 1, 10, 3, 3, 4]
[10, 9, 6, 9, 11, 1, 10, 3, 3, 4]
[10, 9, 6, 9, 11, 1, 10, 3, 4, 3]
[3, 10, 9, 6, 9, 11, 1, 10, 3, 4]
[3, 3]
[10, 9, 6, 9, 11, 1, 10, 3, 4, 3]
[10, 9, 6, 9, 11, 1, 10, 3, 3, 4]
[10, 9, 6, 9, 11, 1, 10, 3, 3, 4]
[3, 10, 9, 6, 9, 11, 1, 10, 3, 4]
[10, 9, 6, 9, 11, 3, 1, 10, 3, 4]
[9, 113, 4, 3, 9, 7, 13, 4]
[4, 126, 15, 3, 5, 24]
[9, 113, 4, 3, 9, 7, 13, 4]
[4, 126, 15, 3, 5, 24]
[10, 9, 6, 9, 11, 1, 10, 3, 3, 4]
[3, 10, 9, 6, 9, 11, 1, 10, 3, 4]
[10, 9, 6, 9, 11, 1, 10, 3, 4, 3]
[10, 9, 6, 9, 11, 1, 3, 10, 3, 4]
[3, 3]
[4, 1068, 1]
[16, 3, 37]
[3, 3]
[8, 3, 5, 3, 6, 4, 1]
[10, 9, 6, 3, 9, 11, 1, 10, 3, 4]
[10, 9, 6, 9, 11, 3, 1, 10, 3, 4]
[3, 3]
[6, 32, 11, 12, 3, 6]
[6, 32, 11, 12, 3, 5, 6]
[10, 9, 6, 32, 21, 11, 10, 12, 3, 4]
[10, 9, 6, 28, 7, 11, 1, 10, 12, 5, 7, 3]
[10, 9, 6, 28, 7, 11, 1, 10, 12, 4, 7, 3]
[10, 9, 6, 28, 7, 11, 1, 10, 12, 4, 7, 3]
[10, 9, 6, 28, 7, 11, 1, 10, 12, 5, 7, 3]
[3, 3]
[3, 3]
[3, 3]
[3, 3]
[1, 82, 3, 6, 9]
[10, 9, 6, 9, 11, 1, 10, 3, 4, 3]
[10, 3, 9, 6, 9, 11, 1, 10, 3, 4]
[10, 3, 9, 6, 9, 11, 1, 10, 3, 4]
[10, 9, 1, 10, 3, 3, 4]
[10, 9, 6, 9, 11, 1, 3, 10, 3, 4]
[1, 82, 3, 6, 9]
[1, 82, 3, 6, 9]
[6, 87, 6, 3, 11]
[6, 87, 6, 3, 11]
[6, 87, 6, 3, 11]
[3, 10, 9, 6, 9, 11, 1, 10, 3, 4]
[1, 82, 3, 6, 9]
[11, 87, 6, 3, 6]
[11, 87, 6, 3, 6]
[11, 87, 6, 3, 6]
[3, 3]
[87, 6, 12, 3, 17]
[87, 6, 12, 3, 17]
[87, 6, 12, 3, 17]
[1, 82, 3, 6, 9]
[1, 82, 3, 6, 9]
[10, 9, 6, 9, 11, 1, 10, 3, 4, 3]
[10, 9, 6, 9, 11, 1, 10, 3, 4, 3]
[10, 9, 6, 9, 11, 1, 10, 3, 4, 3]
[10, 9, 6, 9, 11, 1, 10, 3, 4, 3]
[759, 2, 5, 3, 13, 9, 11, 5, 55]
[2, 5, 755, 3, 13, 9, 11, 5, 55]
[759, 2, 5, 3, 13, 9, 11, 5, 55]
[2, 5, 3, 9, 13, 11, 5, 760, 55]
[759, 2, 5, 3, 13, 9, 11, 5, 55]
[2, 5, 756, 3, 13, 9, 11, 5, 55]
[2, 5, 3, 9, 13, 11, 5, 758, 55]
[2, 753, 5, 3, 13, 9, 11, 5, 55]
[759, 2, 5, 3, 13, 9, 11, 5, 55]
[2, 5, 755, 3, 13, 9, 11, 5, 55]
[2, 5, 3, 9, 13, 11, 5, 754, 55]
[752, 2, 5, 3, 13, 9, 11, 5, 55]
[2, 5, 3, 9, 13, 11, 5, 758, 55]
[10, 9, 6, 9, 11, 1, 10, 3, 4, 3]
[10, 9, 6, 9, 11, 1, 10, 3, 4, 3]
[10, 9, 6, 9, 11, 1, 10, 3, 4, 3]
[10, 9, 6, 9, 11, 1, 10, 3, 4, 3]
[87, 6, 3, 7, 12]
[87, 6, 3, 7, 12]
[87, 6, 3, 7, 12]
[10, 87, 15, 6, 3]
[10, 87, 15, 6, 3]
[752, 2, 5, 3, 13, 9, 11, 5, 55]
[2, 5, 749, 3, 13, 9, 11, 5, 55]
[2, 5, 3, 13, 746, 9, 11, 5, 55]
[2, 5, 748, 3, 13, 9, 11, 5, 55]
[752, 2, 5, 3, 13, 9, 11, 5, 55]
[752, 2, 5, 3, 13, 9, 11, 5, 55]
[2, 5, 3, 9, 13, 11, 5, 754, 55]
[752, 2, 5, 3, 13, 9, 11, 5, 55]
[2, 5, 749, 3, 13, 9, 11, 5, 55]
[2, 753, 5, 3, 13, 9, 11, 5, 55]
[3, 3]
[10, 9, 6, 9, 11, 1, 10, 3, 3, 4]
[10, 9, 6, 9, 11, 1, 10, 3, 3, 4]
[10, 9, 6, 9, 11, 1, 10, 3, 3, 4]
[10, 9, 6, 9, 11, 1, 10, 3, 3, 4]
[10, 9, 6, 9, 11, 1, 10, 3, 4, 3]
[10, 9, 6, 9, 11, 1, 10, 3, 4, 3]
[10, 9, 6, 9, 11, 1, 10, 3, 4, 3]
[10, 9, 6, 9, 11, 1, 10, 3, 4, 3]
[16, 3, 37]
[4, 1068, 1]
[16, 3, 37]
[4, 1068, 1]
[4, 1064, 1]
[16, 3, 37]
[3, 3]
[10, 9, 6, 9, 11, 1, 10, 3, 3, 4]
[16, 3, 37]
[1062, 4, 1]
[2, 5, 745, 3, 13, 9, 11, 5, 55]
[2, 5, 3, 751, 13, 9, 11, 5, 55]
[2, 5, 3, 9, 13, 11, 5, 747, 55]
[2, 5, 3, 751, 13, 9, 11, 5, 55]
[2, 753, 5, 3, 13, 9, 11, 5, 55]
[750, 2, 5, 3, 13, 9, 11, 5, 55]
[2, 5, 745, 3, 13, 9, 11, 5, 55]
[2, 5, 3, 9, 13, 11, 5, 747, 55]
[2, 5, 3, 751, 13, 9, 11, 5, 55]
[2, 5, 748, 3, 13, 9, 11, 5, 55]
[2, 5, 748, 3, 13, 9, 11, 5, 55]
[2, 5, 3, 751, 13, 9, 11, 5, 55]
[752, 2, 5, 3, 13, 9, 11, 5, 55]
[16, 3, 37]
[4, 1061, 1]
[3, 3]
[9, 113, 4, 3, 9, 7, 13, 4]
[4, 126, 15, 3, 5, 24]
[2, 3, 5, 6, 157]
[9, 113, 4, 3, 9, 7, 13, 4]
[4, 126, 15, 3, 5, 24]
[3, 3]
[3, 3]
[3, 3]
[3, 3]
[3, 3]
[3, 3]
[3, 3]
[3, 3]
[10, 9, 6, 9, 11, 1, 10, 3, 4, 3]
[10, 9, 6, 9, 11, 1, 10, 3, 4, 3]
[10, 9, 6, 9, 11, 1, 10, 3, 4, 3]
[10, 9, 6, 9, 11, 1, 10, 3, 4, 3]
[4, 1063, 1]
[16, 3, 37]
[10, 9, 3, 1, 10, 3, 4]
[10, 9, 6, 9, 11, 1, 10, 3, 4, 3]
[10, 9, 6, 9, 11, 1, 10, 3, 4, 3]
[10, 9, 6, 9, 11, 1, 10, 3, 4, 3]
[10, 9, 6, 9, 11, 1, 10, 3, 4, 3]
[16, 7, 12, 4, 66, 4, 17, 7, 3, 7]
[12, 16, 7, 17, 4, 4, 66, 7, 3, 7]
[13, 6, 9, 3, 449, 2, 10, 8]
[13, 6, 9, 3, 449, 2, 10, 8]
[3, 3]
[16, 7, 4, 4, 66, 7, 3, 11, 7, 16]
[16, 7, 4, 4, 66, 7, 3, 15, 10, 7]
[16, 10, 7, 4, 4, 66, 7, 5, 3, 7]
[16, 7, 4, 4, 66, 7, 3, 12, 7, 17]
[10, 10, 3, 4, 11, 3, 5, 17, 1276]
[10, 10, 3, 4, 11, 3, 5, 17, 1282]
[10, 9, 3, 1, 10, 3, 4]
[16, 7, 4, 66, 4, 7, 14, 19, 3, 7]
[16, 5, 7, 4, 66, 4, 7, 10, 3, 7]
[10, 9, 6, 9, 11, 1, 10, 3, 4, 3]
[10, 9, 6, 9, 11, 1, 10, 3, 4, 3]
[10, 9, 6, 9, 11, 1, 10, 3, 4, 3]
[10, 9, 6, 9, 11, 1, 10, 3, 4, 3]
[3, 3]
[16, 3, 37]
[16, 3, 37]
[2, 19, 5, 9, 3]
[4, 126, 15, 3, 5, 24]
[9, 113, 4, 3, 9, 7, 13, 4]
[16, 3, 37]
[16, 3, 37]
[3, 3]
[3, 3]
[750, 2, 5, 3, 13, 9, 11, 5, 55]
[2, 5, 3, 9, 13, 11, 5, 747, 55]
[2, 5, 3, 9, 13, 11, 5, 754, 55]
[2, 5, 3, 9, 13, 11, 5, 754, 55]
[2, 5, 3, 9, 13, 11, 5, 754, 55]
[2, 5, 3, 751, 13, 9, 11, 5, 55]
[2, 5, 3, 9, 13, 11, 5, 754, 55]
[2, 5, 3, 751, 13, 9, 11, 5, 55]
[2, 5, 755, 3, 13, 9, 11, 5, 55]
[2, 5, 755, 3, 13, 9, 11, 5, 55]
[16, 3, 37]
[16, 3, 37]
[4, 1, 1066]
[3, 3]
[9, 113, 4, 3, 9, 7, 13, 4]
[4, 126, 15, 3, 5, 24]
[16, 3, 37]
[4, 1067, 1]
[3, 3]
[3, 3]
[19, 2, 8, 7, 8, 3, 566, 6, 3, 6]
[19, 2, 8, 8, 3, 566, 6, 3, 5, 6]
[19, 2, 8, 8, 3, 566, 6, 3, 6]
[19, 2, 2, 8, 8, 3, 566, 3, 6]
[19, 2, 3, 566, 13, 3, 6]
[19, 9, 2, 8, 3, 566, 3, 6, 8]
[19, 2, 8, 8, 3, 566, 3, 6]
[19, 2, 8, 8, 3, 566, 3, 5, 6]
[6, 19, 2, 2, 8, 3, 566, 6, 3, 6]
[3, 3, 4]
[6, 6, 795, 9, 3, 6, 15]
[6, 9, 18, 795, 7, 9, 6, 3, 6]
[6, 9, 795, 9, 3]
[19, 7, 2, 8, 6, 3, 566, 3, 6]
[6, 15, 795, 9, 3]
[3, 6, 11, 795, 7, 9, 3]
[3, 3, 4]
[3, 3, 4]
[3, 3, 4]
[3, 3, 4]
[3, 3, 4]
[3, 3, 4]
[3, 3, 4]
[3, 3, 4]
[3, 3, 4]
[3, 3, 4]
[3, 3, 4]
[27, 15, 9, 3, 3, 6, 9]
[9, 8, 12, 795, 9, 3, 7]
[5, 17, 795, 9, 3, 9]
[3, 3]
[10, 9, 6, 3, 9, 11, 1, 10, 3, 4]
[3, 3]
[16, 3, 37]
[338, 7, 10, 8, 16, 3, 6]
[21, 8, 8, 338, 10, 6, 8, 3, 9]
[8, 338, 10, 8, 20, 3]
[338, 7, 10, 8, 3, 8, 37]
[11, 338, 7, 10, 11, 8, 3, 9]
[20, 338, 7, 10, 8, 3, 9, 8]
[14, 12, 30, 338, 5, 7, 10, 8, 3, 19, 7]
[6, 14, 338, 7, 10, 6, 8, 3]
[338, 20, 14, 8, 3]
[8, 338, 8, 3, 5, 19]
[9, 18, 8, 8, 338, 7, 10, 8, 2, 3, 6, 35]
[10, 17, 8, 338, 7, 10, 8, 5, 3]
[7, 338, 10, 6, 8, 3, 11]
[17, 338, 7, 10, 8, 3, 12]
[6, 338, 7, 10, 6, 8, 3, 21]
[5, 7, 3, 8, 3, 3, 12]
[18, 338, 7, 10, 7, 14, 8, 3]
[6, 338, 7, 10, 8, 24, 3, 6, 6, 25]
[338, 7, 10, 14, 8, 3, 5, 6]
[10, 9, 6, 9, 11, 3, 1, 10, 3, 4]
[4, 338, 10, 10, 8, 3, 7]
[8, 10, 14, 1, 338, 8, 3]
[14, 18, 338, 7, 10, 8, 3]
[13, 338, 7, 10, 8, 3, 6]
[8, 338, 20, 3]
[338, 7, 10, 8, 3, 9, 11]
[8, 338, 7, 10, 8, 3, 6, 17, 8]
[8, 338, 7, 10, 6, 8, 3, 9, 6]
[30, 7, 338, 7, 10, 8, 3]
[8, 9, 2, 12, 338, 14, 10, 6, 8, 3, 6]
[8, 9, 2, 12, 338, 14, 10, 6, 8, 3, 6]
[21, 338, 7, 12, 10, 8, 3, 5]
[338, 7, 10, 14, 8, 3, 5, 6]
[6, 9, 11, 338, 10, 8, 3, 5, 6]
[7, 6, 338, 10, 6, 8, 14, 3, 12, 6]
[13, 338, 7, 10, 8, 3, 13, 5, 6]
[11, 338, 7, 10, 8, 3, 6]
[8, 5, 11, 338, 10, 6, 8, 3, 12, 4, 4]
[10, 338, 10, 6, 14, 8, 9, 3]
[8, 338, 3]
[7, 6, 338, 6, 7, 11, 10, 3, 9, 6]
[7, 13, 338, 10, 6, 13, 8, 3, 3]
[338, 7, 10, 41, 8, 3, 8]
[19, 8, 338, 7, 10, 8, 3, 5, 12]
[19, 8, 338, 7, 10, 8, 3, 5, 12]
[8, 14, 10, 338, 12, 8, 3]
[6, 11, 338, 10, 6, 8, 3]
[6, 30, 338, 7, 10, 6, 8, 3]
[18, 8, 338, 3]
[338, 7, 10, 8, 3, 4, 9, 6, 18]
[10, 338, 10, 6, 8, 3, 7, 6]
[338, 7, 10, 8, 3, 8, 37]
[6, 338, 7, 10, 6, 8, 3, 40]
[2, 20, 8, 338, 7, 10, 8, 3, 6, 8]
[8, 338, 10, 8, 3]
[8, 338, 7, 10, 8, 3, 6, 17, 8]
[2, 20, 8, 338, 7, 10, 8, 3, 6, 8]
[10, 338, 7, 10, 8, 3, 8]
[8, 338, 8, 15, 3, 13, 21]
[8, 338, 12, 7, 10, 6, 8, 3, 1]
[13, 6, 338, 7, 10, 8, 3, 18]
[13, 6, 338, 7, 10, 8, 3, 18]
[5, 3, 3, 8]
[14, 7, 12, 338, 7, 10, 8, 3, 5]
[10, 9, 6, 9, 11, 1, 10, 3, 4, 3]
[10, 9, 6, 9, 11, 3, 1, 10, 3, 4]
[10, 9, 6, 9, 11, 1, 3, 10, 3, 4]
[16, 3, 37]
[4, 1060, 1]
[10, 9, 6, 9, 11, 1, 10, 3, 4, 3]
[16, 7, 4, 66, 4, 7, 3, 5, 10, 7]
[10, 9, 6, 9, 11, 1, 10, 3, 3, 4]
[10, 9, 6, 9, 11, 4, 1, 10, 3, 3]
[10, 9, 6, 9, 11, 4, 1, 10, 3, 3]
[10, 9, 6, 9, 11, 4, 1, 10, 3, 3]
[10, 9, 6, 9, 11, 4, 1, 10, 3, 3]
[16, 19, 7, 4, 4, 66, 7, 3, 14, 7]
[10, 9, 6, 9, 11, 3, 1, 10, 3, 4]
[16, 3, 37]
[10, 9, 6, 9, 11, 1, 10, 3, 4, 3]
[10, 9, 6, 9, 11, 1, 10, 3, 4, 3]
[10, 9, 6, 9, 11, 1, 10, 3, 4, 3]
[10, 9, 6, 9, 11, 1, 10, 3, 4, 3]
[10, 3, 9, 6, 9, 11, 1, 10, 3, 4]
[3, 10, 9, 6, 9, 11, 1, 10, 3, 4]
[16, 7, 4, 4, 66, 7, 18, 3, 7, 13]
[16, 13, 7, 8, 4, 66, 4, 7, 3, 7]
[16, 13, 7, 4, 66, 4, 7, 18, 3, 7]
[10, 9, 6, 9, 11, 1, 10, 3, 3, 4]
[16, 7, 4, 4, 66, 7, 3, 7, 12, 7]
[6, 16, 7, 4, 66, 4, 7, 3, 7, 11]
[9, 113, 4, 3, 9, 7, 13, 4]
[4, 126, 15, 3, 5, 24]
[16, 14, 7, 4, 66, 4, 7, 3, 19, 7]
[16, 7, 4, 4, 66, 7, 11, 3, 6, 7]
[10, 9, 6, 9, 11, 3, 1, 10, 3, 4]
[10, 9, 6, 9, 11, 3, 1, 10, 3, 4]
[10, 9, 6, 9, 11, 3, 1, 10, 3, 4]
[3, 3]
[3, 3]
[9, 113, 4, 3, 9, 7, 13, 4]
[4, 126, 15, 3, 5, 24]
[10, 9, 6, 9, 11, 3, 1, 10, 3, 4]
[3, 3]
[10, 9, 6, 9, 11, 3, 1, 10, 3, 4]
[10, 9, 6, 9, 11, 1, 10, 3, 4, 3]
[10, 9, 6, 9, 11, 1, 10, 3, 3, 4]
[3, 3]
[3, 3]
[3, 3]
[3, 3]
[16, 3, 37]
[13, 6, 9, 767, 3, 2, 10, 8]
[9, 15, 767, 6, 3, 2, 46, 9, 10]
[10, 767, 19, 3, 2, 10]
[13, 16, 767, 3, 13, 6, 2, 10, 13]
[767, 3, 13, 2, 10, 13, 13]
[13, 6, 9, 767, 3, 2, 10, 8]
[7, 5, 2, 7, 60, 2, 9, 4, 3]
[767, 3, 2, 46]
[13, 16, 767, 3, 13, 6, 2, 10, 13]
[767, 3, 13, 2, 10, 13, 13]
[10, 767, 19, 3, 2, 10]
[16, 3, 37]
[10, 9, 6, 9, 11, 1, 10, 3, 4, 3]
[10, 9, 6, 9, 11, 1, 10, 3, 4, 3]
[10, 9, 6, 9, 11, 1, 10, 3, 4, 3]
[16, 3, 37]
[3, 3]
[8, 3, 5, 3, 6, 4, 1]
[10, 9, 6, 9, 11, 1, 10, 3, 4, 3]
[3, 3]
[16, 3, 37]
[10, 3, 9, 6, 9, 11, 1, 10, 3, 4]
[10, 9, 6, 9, 11, 1, 10, 3, 4, 3]
[10, 9, 6, 9, 11, 3, 1, 10, 3, 4]
[9, 113, 4, 3, 9, 7, 13, 4]
[4, 126, 15, 3, 5, 24]
[4, 126, 15, 3, 5, 24]
[9, 113, 4, 3, 9, 7, 13, 4]
[4, 126, 15, 3, 5, 24]
[9, 113, 4, 3, 9, 7, 13, 4]
[3, 3]
[3, 3]
[3, 3]
[3, 3]
[16, 3, 37]
[4, 1076, 1]
[4, 981, 1]
[16, 3, 37]
[10, 3, 9, 6, 9, 11, 1, 10, 3, 4]
[10, 3, 9, 6, 9, 11, 1, 10, 3, 4]
[3, 3]
[13, 6, 9, 965, 3, 2, 10, 8]
[965, 3, 13, 2, 10, 13, 13]
[9, 15, 965, 6, 3, 2, 46, 9, 10]
[10, 965, 19, 3, 2, 10]
[10, 3, 9, 6, 9, 11, 1, 10, 3, 4]
[8, 10, 14, 1, 338, 8, 3]
[8, 10, 14, 1, 338, 8, 3]
[14, 18, 338, 7, 10, 8, 3]
[4, 338, 10, 10, 8, 3, 7]
[4, 338, 10, 10, 8, 3, 7]
[13, 338, 7, 10, 8, 3, 6]
[13, 338, 7, 10, 8, 3, 6]
[14, 18, 338, 7, 10, 8, 3]
[8, 338, 20, 3]
[8, 338, 20, 3]
[3, 3]
[3, 3]
[3, 3]
[3, 3]
[9, 113, 4, 3, 9, 7, 13, 4]
[4, 126, 15, 3, 5, 24]
[16, 3, 37]
[4, 126, 15, 3, 5, 24]
[9, 113, 4, 3, 9, 7, 13, 4]
[16, 67, 7, 4, 4, 7, 12, 3, 7, 7]
[3, 3]
[16, 3, 37]
[4, 1, 1066]
[3, 3]
[3, 3]
[10, 9, 6, 9, 11, 3, 1, 10, 3, 4]
[10, 9, 6, 9, 11, 1, 10, 3, 4, 3]
[4, 126, 15, 3, 5, 24]
[9, 113, 4, 3, 9, 7, 13, 4]
[3, 3]
[3, 3]
[3, 3]
[3, 3]
[10, 9, 1, 10, 3, 3, 4]
[3, 3]
[10, 9, 6, 9, 11, 1, 10, 3, 4, 3]
[3, 3]
[3, 3]
[6, 4, 70]
[6, 4, 70]
[9, 113, 4, 3, 9, 7, 13, 4]
[4, 126, 15, 3, 5, 24]
[4, 1060, 1]
[16, 3, 37]
[16, 3, 37]
[4, 1, 1066]
[10, 9, 6, 9, 11, 3, 1, 10, 3, 4]
[4, 1, 1066]
[16, 3, 37]
[3, 3]
[10, 3, 9, 6, 9, 11, 1, 10, 3, 4]
[10, 9, 6, 9, 11, 3, 1, 10, 3, 4]
[10, 9, 6, 9, 11, 3, 1, 10, 3, 4]
[9, 113, 4, 3, 9, 7, 13, 4]
[4, 126, 15, 3, 5, 24]
[8, 10, 14, 12, 1188, 3, 5]
[8, 10, 14, 12, 3, 5, 1189]
[3, 3]
[8, 10, 14, 12, 3, 1187, 5]
[4, 1067, 1]
[16, 3, 37]
[16, 3, 37]
[1069, 4, 1]
[10, 9, 6, 9, 11, 1, 10, 3, 3, 4]
[16, 3, 37]
[1069, 4, 1]
[3, 10, 9, 6, 9, 11, 1, 10, 3, 4]
[4, 126, 15, 3, 5, 24]
[9, 113, 4, 3, 9, 7, 13, 4]
[4, 126, 15, 3, 5, 24]
[9, 113, 4, 3, 9, 7, 13, 4]
[16, 3, 37]
[1069, 4, 1]
[10, 9, 6, 9, 11, 1, 10, 3, 3, 4]
[10, 9, 6, 9, 11, 4, 1, 10, 3, 3]
[3, 10, 9, 6, 9, 11, 1, 10, 3, 4]
[16, 3, 37]
[4, 1068, 1]
[4, 338, 10, 10, 8, 3, 7]
[13, 338, 7, 10, 8, 3, 13, 5, 6]
[8, 10, 14, 1, 338, 8, 3]
[338, 7, 10, 8, 3, 9, 11]
[11, 338, 7, 10, 8, 3, 6]
[7, 6, 338, 10, 6, 8, 14, 3, 12, 6]
[14, 18, 338, 7, 10, 8, 3]
[13, 338, 7, 10, 8, 3, 6]
[8, 338, 20, 3]
[8, 338, 7, 10, 6, 8, 3, 9, 6]
[30, 7, 338, 7, 10, 8, 3]
[8, 338, 7, 10, 8, 3, 6, 17, 8]
[8, 5, 11, 338, 10, 6, 8, 3, 12, 4, 4]
[10, 338, 10, 6, 14, 8, 9, 3]
[338, 7, 10, 14, 8, 3, 5, 6]
[8, 338, 3]
[7, 6, 338, 6, 7, 11, 10, 3, 9, 6]
[6, 9, 11, 338, 10, 8, 3, 5, 6]
[8, 9, 2, 12, 338, 14, 10, 6, 8, 3, 6]
[21, 338, 7, 12, 10, 8, 3, 5]
[8, 9, 2, 12, 338, 14, 10, 6, 8, 3, 6]
[7, 13, 338, 10, 6, 13, 8, 3, 3]
[6, 11, 338, 10, 6, 8, 3]
[8, 338, 10, 8, 3]
[13, 6, 338, 7, 10, 8, 3, 18]
[2, 20, 8, 338, 7, 10, 8, 3, 6, 8]
[8, 338, 8, 15, 3, 13, 21]
[13, 6, 338, 7, 10, 8, 3, 18]
[8, 338, 12, 7, 10, 6, 8, 3, 1]
[2, 20, 8, 338, 7, 10, 8, 3, 6, 8]
[338, 7, 10, 8, 3, 4, 9, 6, 18]
[6, 338, 7, 10, 6, 8, 3, 40]
[338, 7, 10, 8, 3, 8, 37]
[8, 338, 7, 10, 8, 3, 6, 17, 8]
[10, 338, 10, 6, 8, 3, 7, 6]
[19, 8, 338, 7, 10, 8, 3, 5, 12]
[338, 7, 10, 41, 8, 3, 8]
[10, 338, 7, 10, 8, 3, 8]
[19, 8, 338, 7, 10, 8, 3, 5, 12]
[18, 8, 338, 3]
[8, 14, 10, 338, 12, 8, 3]
[6, 30, 338, 7, 10, 6, 8, 3]
[14, 7, 12, 338, 7, 10, 8, 3, 5]
[8, 338, 8, 3, 5, 19]
[10, 17, 8, 338, 7, 10, 8, 5, 3]
[7, 338, 10, 6, 8, 3, 11]
[21, 8, 8, 338, 10, 6, 8, 3, 9]
[338, 20, 14, 8, 3]
[338, 7, 10, 8, 16, 3, 6]
[338, 7, 10, 8, 3, 8, 37]
[8, 338, 10, 8, 20, 3]
[9, 18, 8, 8, 338, 7, 10, 8, 2, 3, 6, 35]
[11, 338, 7, 10, 11, 8, 3, 9]
[6, 14, 338, 7, 10, 6, 8, 3]
[20, 338, 7, 10, 8, 3, 9, 8]
[14, 12, 30, 338, 5, 7, 10, 8, 3, 19, 7]
[17, 338, 7, 10, 8, 3, 12]
[6, 338, 7, 10, 8, 24, 3, 6, 6, 25]
[18, 338, 7, 10, 7, 14, 8, 3]
[6, 338, 7, 10, 6, 8, 3, 21]
[338, 7, 10, 14, 8, 3, 5, 6]
[3, 3]
[3, 3]
[3, 3]
[3, 3]
[13, 6, 9, 3, 449, 2, 10, 8]
[4, 126, 15, 3, 5, 24]
[9, 113, 4, 3, 9, 7, 13, 4]
[4, 1068, 1]
[16, 3, 37]
[3, 3]
[3, 3]
[3, 3]
[10, 9, 3, 1, 10, 3, 4]
[3, 3]
[3, 3]
[3, 3]
[3, 3]
[5, 6, 338, 8, 6, 3, 3, 11, 5, 1]
[5, 6, 338, 8, 6, 3, 3, 11, 5, 1]
[5, 6, 338, 8, 6, 3, 3, 11, 5, 1]
[5, 6, 338, 8, 6, 3, 3, 11, 5, 1]
[5, 7, 3, 8, 3, 3, 12]
[18, 8, 338, 3]
[5, 6, 338, 8, 6, 3, 3, 11, 5, 1]
[5, 6, 338, 8, 6, 3, 3, 11, 5, 1]
[5, 6, 338, 8, 6, 3, 3, 11, 5, 1]
[5, 6, 338, 8, 6, 3, 3, 11, 5, 1]
[5, 6, 338, 8, 6, 3, 3, 11, 5, 1]
[5, 6, 338, 8, 6, 3, 3, 11, 5, 1]
[5, 6, 338, 8, 6, 3, 3, 11, 5, 1]
[5, 6, 338, 8, 6, 3, 3, 11, 5, 1]
[5, 6, 338, 8, 6, 3, 3, 11, 5, 1]
[5, 6, 338, 8, 6, 3, 3, 11, 5, 1]
[5, 6, 338, 8, 6, 3, 3, 11, 5, 1]
[5, 6, 338, 8, 6, 3, 3, 11, 5, 1]
[5, 6, 338, 8, 6, 3, 3, 11, 5, 1]
[5, 6, 338, 8, 6, 3, 3, 11, 5, 1]
[5, 6, 338, 8, 6, 3, 3, 11, 5, 1]
[5, 6, 338, 8, 6, 3, 3, 11, 5, 1]
[5, 6, 338, 8, 6, 3, 3, 11, 5, 1]
[5, 6, 338, 8, 6, 3, 3, 11, 5, 1]
[8, 338, 3]
[5, 6, 338, 8, 6, 3, 3, 11, 5, 5, 1]
[5, 6, 338, 6, 6, 3, 3, 11, 5, 1]
[5, 6, 338, 8, 6, 3, 3, 11, 5, 1]
[5, 6, 338, 8, 6, 3, 3, 11, 5, 1]
[5, 6, 338, 8, 6, 3, 3, 11, 5, 1]
[5, 6, 338, 8, 6, 3, 3, 11, 5, 1]
[5, 6, 338, 8, 6, 3, 3, 11, 5, 1]
[5, 6, 338, 8, 6, 3, 3, 11, 5, 1]
[5, 6, 338, 8, 13, 3, 3, 6, 21, 11, 5, 1]
[5, 6, 338, 8, 6, 3, 3, 11, 5, 1]
[5, 6, 338, 8, 6, 3, 3, 11, 5, 1]
[5, 6, 338, 8, 6, 3, 3, 11, 5, 1]
[5, 6, 338, 8, 6, 3, 3, 11, 5, 1]
[5, 6, 338, 8, 6, 3, 3, 11, 5, 1]
[5, 6, 338, 8, 6, 3, 3, 11, 5, 1]
[5, 6, 338, 8, 6, 3, 3, 11, 5, 1]
[5, 6, 338, 8, 6, 3, 3, 11, 5, 1]
[5, 6, 338, 8, 6, 3, 3, 11, 5, 1]
[8, 338, 20, 3]
[5, 6, 338, 8, 6, 3, 3, 11, 5, 1]
[5, 14, 6, 338, 1, 8, 6, 3, 3, 11, 5, 1]
[5, 6, 338, 8, 6, 3, 3, 11, 5, 1]
[14, 5, 6, 338, 12, 8, 6, 3, 3, 11, 5, 1]
[5, 6, 338, 8, 6, 3, 3, 11, 5, 1]
[5, 3, 3, 8]
[5, 6, 338, 8, 6, 3, 3, 11, 5, 1]
[338, 20, 14, 8, 3]
[1, 5, 6, 338, 8, 6, 3, 3, 11, 5, 19]
[5, 6, 338, 8, 6, 3, 3, 11, 5, 1]
[5, 6, 338, 8, 6, 3, 3, 11, 5, 1]
[5, 6, 338, 8, 6, 3, 3, 11, 5, 1]
[5, 6, 338, 8, 6, 3, 3, 11, 5, 1]
[5, 6, 338, 8, 6, 3, 3, 11, 5, 1]
[8, 338, 19, 3]
[5, 6, 338, 8, 6, 3, 3, 11, 5, 1]
[20, 5, 6, 338, 8, 6, 3, 3, 11, 5, 1]
[5, 6, 338, 8, 20, 3, 3, 6, 11, 5, 1]
[5, 6, 338, 8, 6, 3, 3, 11, 5, 1]
[10, 9, 6, 9, 11, 4, 1, 10, 3, 3]
[10, 9, 6, 9, 11, 1, 10, 3, 4, 3]
[10, 9, 6, 9, 11, 1, 10, 3, 4, 3]
[5, 6, 3, 11, 7, 3, 982, 2]
[8, 3, 5, 3, 6, 4, 1]
[16, 4, 7, 4, 4, 40, 7, 3, 9, 13]
[4, 126, 15, 3, 5, 24]
[9, 113, 4, 3, 9, 7, 13, 4]
[9, 113, 4, 3, 9, 7, 13, 4]
[4, 126, 15, 3, 5, 24]
[16, 3, 37]
[1062, 4, 1]
[10, 9, 6, 9, 11, 1, 3, 10, 3, 4]
[3, 3]
[10, 9, 3, 6, 9, 11, 1, 10, 3, 4]
[3, 3]
[3, 3]
[3, 3]
[3, 3]
[10, 3, 9, 6, 9, 11, 1, 10, 3, 4]
[16, 3, 37]
[4, 1065, 1]
[16, 3, 37]
[10, 9, 6, 9, 11, 3, 1, 10, 3, 4]
[10, 9, 6, 9, 11, 3, 1, 10, 3, 4]
[10, 9, 6, 9, 11, 3, 1, 10, 3, 4]
[10, 9, 6, 9, 11, 3, 1, 10, 3, 4]
[3, 3]
[6, 9, 18, 795, 7, 9, 6, 3, 6]
[3, 3, 4]
[6, 6, 795, 9, 3, 6, 15]
[3, 3, 4]
[3, 3, 4]
[3, 3, 4]
[3, 3, 4]
[3, 3, 4]
[10, 9, 6, 9, 11, 1, 10, 3, 4, 3]
[10, 9, 6, 9, 11, 1, 10, 3, 4, 3]
[10, 9, 6, 9, 11, 1, 10, 3, 4, 3]
[10, 9, 6, 9, 11, 1, 10, 3, 4, 3]
[4, 126, 15, 3, 5, 24]
[9, 113, 4, 3, 9, 7, 13, 4]
[11, 16, 7, 4, 66, 4, 7, 16, 3, 7]
[16, 7, 4, 4, 66, 7, 3, 9, 7, 14]
[16, 16, 11, 7, 4, 66, 4, 7, 3, 7]
[9, 113, 4, 3, 9, 7, 13, 4]
[4, 126, 15, 3, 5, 24]
[16, 10, 7, 4, 66, 4, 7, 3, 15, 7]
[16, 11, 6, 7, 4, 4, 66, 7, 3, 7]
[16, 7, 4, 4, 66, 7, 3, 14, 7, 19]
[16, 11, 7, 16, 4, 4, 66, 7, 3, 7]
[16, 13, 8, 7, 4, 66, 4, 7, 3, 7]
[16, 18, 7, 4, 66, 4, 7, 3, 13, 7]
[9, 113, 4, 3, 9, 7, 13, 4]
[4, 126, 15, 3, 5, 24]
[16, 7, 4, 4, 66, 7, 14, 3, 19, 7]
[10, 9, 6, 9, 11, 1, 10, 3, 3, 4]
[16, 7, 14, 4, 66, 4, 19, 7, 3, 7]
[10, 9, 6, 9, 11, 3, 1, 10, 3, 4]
[10, 9, 6, 9, 11, 3, 1, 10, 3, 4]
[10, 9, 6, 9, 11, 3, 1, 10, 3, 4]
[10, 9, 6, 9, 11, 3, 1, 10, 3, 4]
[16, 7, 4, 66, 4, 7, 3, 14, 19, 7]
[16, 7, 4, 66, 4, 7, 12, 3, 7, 7]
[16, 10, 7, 4, 5, 4, 66, 7, 3, 7]
[10, 9, 6, 9, 11, 1, 10, 3, 3, 4]
[10, 9, 6, 9, 11, 1, 10, 3, 3, 4]
[10, 9, 6, 9, 11, 1, 10, 3, 3, 4]
[10, 9, 6, 9, 11, 1, 10, 3, 3, 4]
[3, 3]
[10, 9, 6, 9, 11, 1, 10, 3, 3, 4]
[10, 9, 6, 9, 11, 1, 10, 3, 3, 4]
[10, 9, 6, 9, 11, 1, 10, 3, 3, 4]
[10, 9, 6, 9, 11, 1, 10, 3, 3, 4]
[1638, 3, 1, 4]
[1647, 3, 4]
[1647, 3, 4]
[3, 1646, 4]
[1650, 3, 4]
[3, 1646, 4]
[1653, 3, 4]
[3, 1641, 4]
[3, 1641, 4]
[3, 1645, 4]
[3, 1642, 4]
[3, 1637, 1, 4]
[1601, 3, 4]
[3, 1586, 4]
[3, 1645, 4]
[1641, 3, 1, 4]
[3, 1637, 1, 4]
[1605, 3, 4]
[3, 1633, 1, 4]
[3, 1642, 4]
[3, 1646, 4]
[3, 1649, 4]
[3, 1582, 4]
[3, 1645, 4]
[3, 1649, 4]
[3, 1649, 4]
[3, 1645, 4]
[3, 1608, 4]
[3, 1646, 4]
[1605, 3, 4]
[10, 9, 6, 9, 11, 4, 1, 10, 3, 3]
[9, 113, 4, 3, 9, 7, 13, 4]
[4, 126, 15, 3, 5, 24]
[3, 3, 4]
[6, 15, 795, 9, 3]
[6, 6, 795, 9, 3, 6, 15]
[3, 3, 4]
[3, 3, 4]
[3, 3, 4]
[3, 3, 4]
[3, 3, 4]
[3, 3, 4]
[19, 2, 8, 8, 3, 566, 6, 3, 6]
[19, 2, 8, 8, 3, 566, 6, 3, 5, 6]
[19, 9, 2, 8, 3, 566, 3, 6, 8]
[19, 2, 8, 8, 3, 566, 3, 6]
[19, 2, 8, 7, 8, 3, 566, 6, 3, 6]
[19, 2, 2, 8, 8, 3, 566, 3, 6]
[19, 2, 3, 566, 13, 3, 6]
[19, 2, 8, 8, 3, 566, 3, 5, 6]
[6, 9, 795, 9, 3]
[6, 9, 18, 795, 7, 9, 6, 3, 6]
[3, 6, 11, 795, 7, 9, 3]
[19, 7, 2, 8, 6, 3, 566, 3, 6]
[6, 19, 2, 2, 8, 3, 566, 6, 3, 6]
[3, 3, 4]
[3, 3, 4]
[27, 15, 9, 3, 3, 6, 9]
[5, 17, 795, 9, 3, 9]
[9, 8, 12, 795, 9, 3, 7]
[3, 3, 4]
[3, 3, 4]
[3, 3, 4]
[3, 3]
[3, 3]
[3, 3]
[3, 3]
[10, 9, 6, 9, 11, 1, 10, 3, 4, 3]
[4, 1068, 1]
[16, 3, 37]
[3, 10, 9, 6, 9, 11, 1, 10, 3, 4]
[3, 10, 9, 6, 9, 11, 1, 10, 3, 4]
[3, 10, 9, 6, 9, 11, 1, 10, 3, 4]
[3, 10, 9, 6, 9, 11, 1, 10, 3, 4]
[4, 1, 1066]
[16, 3, 37]
[4, 1067, 1]
[10, 9, 6, 9, 11, 1, 3, 10, 3, 4]
[32, 5, 12, 7, 15, 5, 3, 12]
[32, 5, 12, 7, 15, 3, 12]
[3, 3]
[3, 3]
[10, 9, 6, 9, 11, 1, 10, 3, 4, 3]
[3, 1619, 5]
[1623, 3, 5]
[3, 1611, 5]
[1606, 3, 5]
[3, 5, 1600]
[1587, 3, 5]
[3, 5, 1651]
[1664, 3, 5]
[3, 1668, 5]
[3, 1655, 5]
[10, 9, 3, 6, 9, 11, 1, 10, 3, 4]
[10, 9, 3, 6, 9, 11, 1, 10, 3, 4]
[10, 9, 3, 6, 9, 11, 1, 10, 3, 4]
[16, 3, 37]
[1070, 4, 1]
[16, 3, 37]
[1069, 4, 1]
[4, 126, 15, 3, 5, 24]
[9, 113, 4, 3, 9, 7, 13, 4]
[13, 6, 9, 965, 3, 2, 10, 8]
[10, 965, 19, 3, 2, 10]
[965, 3, 13, 2, 10, 13, 13]
[9, 15, 965, 6, 3, 2, 46, 9, 10]
[5, 2, 8, 8, 3, 6, 982, 2, 5, 6]
[5, 2, 8, 8, 3, 982, 2, 5, 6]
[5, 2, 8, 8, 3, 6, 982, 2, 6]
[5, 2, 8, 7, 8, 3, 6, 982, 2, 6]
[5, 9, 2, 8, 3, 982, 2, 6, 8]
[5, 2, 8, 8, 3, 982, 2, 6]
[5, 6, 3, 11, 7, 3, 982, 2]
[6, 5, 2, 2, 8, 3, 6, 982, 2, 6]
[5, 6, 9, 18, 7, 6, 3, 6, 982, 2]
[19, 5, 7, 7, 8, 3, 9, 982, 2, 5, 8, 4]
[19, 5, 2, 7, 7, 3, 9, 982, 2, 4]
[19, 5, 2, 7, 7, 3, 9, 982, 2, 5, 4]
[19, 5, 7, 7, 3, 9, 982, 2, 4]
[5, 2, 2, 8, 8, 3, 982, 2, 6]
[5, 2, 3, 982, 13, 2, 6]
[5, 7, 2, 8, 6, 3, 982, 2, 6]
[19, 5, 2, 7, 3, 9, 982, 6, 2, 4]
[19, 5, 2, 7, 7, 7, 3, 3, 9, 982, 2, 4]
[19, 5, 7, 7, 8, 3, 9, 982, 2, 8, 4]
[19, 5, 7, 7, 3, 9, 6, 982, 2, 4]
[19, 5, 2, 7, 7, 3, 9, 982, 2, 4]
[19, 5, 2, 9, 7, 7, 3, 9, 982, 2, 5, 4]
[5, 6, 3, 982, 2]
[5, 6, 9, 3, 982, 2]
[5, 3, 3, 982, 5, 2, 6]
[5, 6, 6, 3, 982, 6, 2, 15]
[5, 6, 18, 7, 3, 6, 6, 982, 2]
[5, 6, 3, 11, 7, 3, 982, 2]
[5, 10, 3, 982, 2, 17]
[5, 6, 15, 3, 982, 2]
[5, 14, 2, 643, 10, 3, 7, 2]
[16, 3, 37]
[4, 1067, 1]
[10, 9, 6, 9, 11, 1, 10, 3, 4, 3]
[10, 9, 6, 9, 11, 1, 10, 3, 4, 3]
[10, 9, 6, 9, 11, 1, 10, 3, 4, 3]
[10, 9, 6, 9, 11, 1, 10, 3, 4, 3]
[949, 7, 7, 2, 3, 3]
[10, 965, 19, 3, 2, 10]
[13, 6, 9, 949, 3, 3, 10, 8, 3]
[13, 6, 9, 965, 3, 2, 10, 8]
[13, 6, 9, 949, 3, 3, 10, 8, 3]
[13, 16, 965, 3, 13, 6, 2, 10, 13]
[965, 3, 13, 2, 10, 13, 13]
[9, 15, 965, 6, 3, 2, 46, 9, 10]
[9, 949, 15, 6, 3, 3, 46, 9, 10, 3]
[10, 949, 10, 5, 3, 3, 3]
[13, 6, 9, 965, 3, 2, 10, 8]
[10, 965, 19, 3, 2, 10]
[965, 3, 13, 2, 10, 13, 13]
[9, 15, 965, 6, 3, 2, 46, 9, 10]
[16, 67, 7, 4, 4, 7, 10, 3, 15, 7]
[16, 67, 7, 4, 4, 7, 12, 3, 7, 17]
[16, 3, 37]
[4, 1067, 1]
[8, 3, 5, 3, 6, 4, 1]
[3, 3]
[10, 9, 6, 9, 11, 1, 10, 3, 4, 3]
[3, 3]
[8, 3, 5, 3, 6, 4, 1]
[21, 2, 3, 5]
[10, 9, 6, 9, 11, 1, 10, 3, 3, 4]
[16, 3, 37]
[16, 3, 37]
[4, 1068, 1]
[16, 10, 7, 4, 66, 4, 7, 3, 15, 7]
[16, 7, 10, 4, 4, 66, 7, 5, 3, 7]
[16, 14, 9, 7, 4, 4, 66, 7, 3, 7]
[16, 7, 4, 66, 4, 7, 3, 13, 7, 18]
[8, 13, 32, 5, 15, 3]
[2, 5, 12, 7, 15, 11, 3, 12, 2]
[2, 5, 12, 7, 15, 11, 3, 12, 2]
[2, 5, 12, 7, 15, 11, 3, 12, 2]
[2, 5, 12, 7, 15, 11, 3, 12, 2]
[2, 2, 23, 7, 15, 3, 12]
[2, 2, 23, 7, 15, 3, 12]
[2, 5, 12, 7, 15, 11, 3, 12, 2]
[3, 3]
[3, 3]
[16, 14, 7, 4, 66, 4, 7, 19, 3, 7]
[16, 7, 4, 4, 66, 11, 7, 6, 3, 7]
[2, 10, 2, 5, 7, 15, 12, 3, 12]
[14, 5, 5, 12, 32, 7, 3, 155]
[8, 3, 5, 3, 6, 4, 1]
[3, 3]
[8, 3, 5, 3, 6, 4, 1]
[10, 9, 1, 10, 3, 3, 4]
[17, 2, 9, 2, 12, 7, 3, 155]
[17, 2, 9, 2, 12, 7, 3, 155]
[16, 7, 4, 66, 4, 7, 18, 3, 13, 7]
[16, 3, 37]
[4, 1071, 1]
[16, 3, 37]
[4, 1073, 1]
[16, 13, 7, 4, 66, 4, 7, 3, 7, 8]
[16, 3, 37]
[16, 7, 4, 4, 66, 7, 3, 13, 8, 7]
[4, 976, 1]
[16, 3, 37]
[7, 8, 1, 33, 2, 2, 2, 3, 6, 5, 6, 5, 9, 10, 1, 157]
[10, 9, 6, 9, 11, 3, 1, 10, 3, 4]
[10, 9, 6, 9, 11, 3, 1, 10, 3, 4]
[10, 9, 6, 9, 11, 3, 1, 10, 3, 4]
[10, 9, 6, 9, 11, 3, 1, 10, 3, 4]
[17, 2, 9, 2, 12, 7, 3, 155]
[17, 2, 9, 2, 12, 7, 3, 155]
[17, 2, 9, 2, 12, 7, 3, 155]
[17, 2, 9, 2, 12, 7, 3, 155]
[17, 2, 9, 2, 12, 7, 3, 155]
[7, 8, 1, 33, 2, 2, 2, 3, 6, 5, 6, 5, 9, 10, 1, 157]
[7, 8, 1, 33, 2, 2, 2, 3, 6, 5, 6, 5, 9, 10, 1, 157]
[17, 2, 9, 2, 12, 7, 3, 155]
