[4, 8, 8, 30, 3]
[2, 3, 9, 6, 9, 6]
[14, 6, 2, 2, 6, 3]
[2, 3, 9, 6, 9, 6]
[148]
[148]
[148]
[148]
[2, 3, 9, 6, 9, 6]
[2, 3, 9, 6, 9, 6]
[2, 3, 9, 6, 9, 6]
[6, 3, 3, 30, 1, 11]
[6, 3, 3, 30, 1, 11]
[24, 10, 3, 3, 5]
[24, 10, 3, 3, 5]
[5, 3, 24, 10]
[24, 10, 3, 8, 5]
[5, 3, 24, 10]
[2, 3, 9, 6, 9, 6]
[2, 3, 9, 6, 9, 6]
[18]
[23]
[23, 3, 3, 3, 7]
[7, 18]
[2, 3, 9, 6, 9, 6]
[3, 4, 159, 13, 4, 4, 5, 3, 402]
[2, 3, 9, 6, 9, 6]
[4, 3, 56]
[1, 2, 5, 3, 3, 18, 45, 7]
[2, 3, 9, 6, 9, 6]
[4, 3, 56]
[17, 1, 2, 5, 3, 3, 45, 7]
[2, 3, 9, 6, 9, 6]
[53, 280, 474]
[53, 280, 474]
[53, 280, 474]
[96]
[96]
[2, 3, 9, 6, 9, 6]
[2, 17, 3, 6, 4]
[2, 3, 6, 17, 4]
[17, 3, 2, 6, 4]
[2, 16, 3, 6, 4]
[17, 3, 2, 6, 4]
[2, 17, 3, 6, 4]
[2, 16, 3, 6, 4]
[2, 3, 9, 6, 9, 6]
[4, 3, 56]
[1, 2, 5, 3, 3, 45, 7, 18]
[4, 3, 56]
[1, 2, 5, 3, 18, 3, 45, 7]
[2, 3, 9, 6, 9, 6]
[4, 3, 56]
[22, 5, 8, 65, 6, 96]
[22, 5, 8, 96, 65, 6]
[22, 5, 8, 65, 6, 96]
[22, 5, 8, 96, 65, 6]
[22, 5, 8, 96, 65, 6]
[27]
[5, 8, 22, 45, 124, 6]
[5, 8, 22, 45, 124, 6]
[5, 8, 124, 22, 45, 6]
[27]
[27]
[27]
[6, 141, 42, 4, 51, 42, 63, 4, 67, 25, 63]
[27]
[21, 13, 27]
[4, 3, 8, 4, 118]
[4, 3, 8, 4, 118]
[4, 3, 8, 4, 118]
[4, 3, 8, 4, 118]
[4, 3, 8, 4, 118]
[4, 3, 8, 4, 118]
[4, 3, 8, 4, 118]
[4, 3, 8, 4, 118]
[4, 3, 8, 4, 118]
[4, 3, 8, 4, 118]
[4, 3, 8, 4, 118]
[4, 3, 8, 4, 118]
[4, 3, 8, 4, 118]
[4, 3, 8, 4, 118]
[4, 3, 8, 4, 118]
[4, 3, 8, 4, 118]
[4, 3, 8, 4, 118]
[4, 3, 8, 4, 118]
[4, 3, 8, 4, 118]
[4, 3, 8, 4, 118]
[4, 3, 8, 4, 118]
[4, 3, 8, 4, 118]
[4, 3, 8, 4, 118]
[4, 3, 8, 4, 118]
[4, 3, 8, 4, 118]
[4, 3, 8, 4, 118]
[4, 3, 8, 4, 118]
[4, 3, 8, 4, 118]
