[1471]
[15]
[386]
[415]
[15]
[15]
[15]
[1470]
[]
[]
[15]
[]
[411]
[15]
[15]
[95]
[1501]
[363]
[15]
[1500]
[1499]
[]
[1493]
[15]
[15]
[1478]
[1501]
[]
[15]
[1476]
[304]
[15]
[15]
[15]
[15]
[1457]
[1497]
[15]
[15]
[291]
[]
[]
[15]
[1480]
[15]
[1476]
[]
[]
[15]
[]
[15]
[15]
[6, 22]
[15]
[1500]
[1494]
[]
[15]
[15]
[15]
[15]
[15]
[15]
[1511]
[15]
[]
[15]
[15]
[1490]
[142]
[]
[15]
[15]
[1477]
[15]
[15]
[1489]
[]
[15]
[]
[15]
[1468]
[]
[15]
[95]
[15]
[15]
[15]
[15]
[15]
[411]
[15]
[15]
[15]
[45]
[411]
[15]
[1484]
[]
[15]
[15]
[15]
[]
[]
[15]
[15]
[1498]
[15]
[282]
[15]
[15]
[1464]
[]
[]
[1471]
[]
[15]
[1495]
[15]
[256]
[]
[15]
[1494]
[8, 3, 4]
[15]
[552]
[1501]
[15]
[]
[15]
[15]
[15]
[1479]
[15]
[15]
[280]
[15]
[1496]
[]
[7, 4, 3, 12]
[]
[6, 10, 2]
[]
[15]
[15]
[1491]
[15]
[15]
[15]
[]
[]
[15]
[15]
[15]
[]
[15]
[15]
[1530]
[15]
[1506]
[]
[1880]
[]
[15]
[15]
[]
[1495]
[15]
[15]
[]
[15]
[]
[15]
[1465]
[5, 3, 4]
[15]
[15]
[]
[15]
[15]
[15]
[15]
[1498]
[1464]
[316]
[]
[]
[15]
[45]
[]
[15]
[1506]
[15]
[]
[15]
[]
[373]
[]
[363]
[390]
[15]
[]
[15]
[1488]
[15]
[3, 7, 6, 10]
[15]
[15]
[15]
[15]
[]
[1497]
[1483]
[]
[]
[218]
[6, 6, 8, 14, 8, 8, 1, 6, 4, 464, 136]
[1498]
[15]
[15]
[]
[15]
[411]
[15]
[1474]
[104]
[109]
[1492]
[]
[15]
[15]
[15]
[15]
[]
[15]
[15]
[15]
[15]
[15]
[1501]
[15]
[]
[15]
[1469]
[1510]
[]
[15]
[1508]
[]
[5, 3, 66]
[363]
[]
[]
[15]
[1508]
[15]
[]
[15]
[15]
[1510]
[15]
[]
[1489]
[15]
[]
[15]
[15]
[]
[]
[1525]
[15]
[15]
[15]
[]
[15]
[15]
[]
[1495]
[]
[15]
[15]
[1478]
[1514]
[]
[15]
[15]
[59]
[268]
[15]
[409]
[1480]
[15]
[15]
[373]
[15]
[1496]
[365]
[15]
[1498]
[15]
[]
[15]
[15]
[15]
[15]
[]
[15]
[]
[1500]
[1487]
[15]
[15]
[]
[]
[1486]
[1488]
[1486]
[1487]
[6]
[15]
[1428]
[15]
[]
[154]
[15]
[1498]
[15]
[1495]
[1498]
[15]
[15]
[15]
[95]
[15]
[1496]
[]
[]
[15]
[15]
[15]
[15]
[15]
[]
[]
[15]
[7, 4, 3, 12]
[15]
[15]
[1491]
[]
[]
[15]
[]
[15]
[]
[1471]
[15]
[15]
[]
[15]
[]
[1470]
[177]
[15]
[1514]
[15]
[]
[402]
[15]
[15]
[1517]
[15]
[1490]
[15]
[]
[1486]
[15]
[]
[1507]
[1498]
[15]
[]
[15]
[15]
[15]
[1488]
[]
[1475]
[411]
[]
[]
[1510]
[1492]
[15]
[15]
[3, 4, 4]
[]
[1491]
[15]
[15]
[177]
[]
[]
[45]
[]
[15]
[15]
[210]
[15]
[15]
[15]
[1476]
[411]
[15]
[1458]
[6, 2]
[1510]
[1478]
[1452]
[15]
[1499]
[110]
[1438]
[15]
[15]
[15]
[1471]
[15]
[15]
[15]
[]
[15]
[587]
[1471]
[]
[]
[15]
[228]
[1502]
[1494]
[]
[1491]
[15]
[411]
[3, 3, 10]
[15]
[15]
[15]
[15]
[15]
[542]
[15]
[7, 4, 3, 12]
[15]
[]
[]
[15]
[15]
[363]
[]
[15]
[154]
[1464]
[15]
[210]
[15]
[15]
[15]
[15]
[15]
[15]
[15]
[15]
[15]
[15]
[15]
[]
[3, 4, 8]
[15]
[15]
[15]
[363]
[15]
[15]
[15]
[15]
[15]
[15]
[15]
[1487]
[]
[1466]
[1482]
[408]
[15]
[15]
[1486]
[]
[15]
[15]
[1494]
[]
[]
[]
[15]
[1493]
[154]
[1494]
[210]
[1489]
[15]
[15]
[15]
[15]
[15]
[]
[15]
[15]
[15]
[1511]
[1485]
[231]
[15]
[1474]
[15]
[15]
[15]
[]
[]
[15]
[15]
[1485]
[15]
[]
[154]
[15]
[]
[15]
[45]
[1455]
[15]
[15]
[363]
[15]
[]
[1467]
[15]
[15]
[]
[15]
[1500]
[]
[15]
[1482]
[1478]
[]
[1473]
[]
[]
[15]
[1457]
[15]
[]
[15]
[15]
[]
[15]
[]
[1510]
[]
[1482]
[15]
[15]
[1513]
[]
[15]
[1484]
[15]
[363]
[499]
[15]
[15]
[1477]
[]
[15]
[15]
[1470]
[1503]
[492]
[15]
[15]
[15]
[45]
[490]
[15]
[15]
[95]
[1478]
[]
[]
[15]
[1502]
[1495]
[]
[15]
[15]
[1471]
[1475]
[15]
[68]
[]
[]
[1506]
[15]
[15]
[1495]
[]
[1486]
[15]
[15]
[15]
[15]
[15]
[1452]
[15]
[1476]
[15]
[15]
[350]
[15]
[414]
[15]
[15]
[1493]
[15]
[15]
[411]
[15]
[15]
[1487]
[15]
[45]
[]
[]
[3, 14]
[1497]
[15]
[15]
[15]
[15]
[15]
[15]
[15]
[15]
[15]
[1508]
[15]
[]
[15]
[45]
[210]
[15]
[15]
[15]
[639]
[1511]
[488]
[15]
[15]
[1504]
[411]
[]
[1487]
[15]
[15]
[1498]
[15]
[15]
[1478]
[363]
[15]
[15]
[1493]
[15]
[45]
[5, 26, 4, 9]
[9]
[15]
[]
[]
[1484]
[258]
[15]
[15]
[]
[15]
[1491]
[15]
[1496]
[]
[15]
[15]
[]
[399]
[15]
[1509]
[1495]
[1498]
[15]
[15]
[15]
[15]
[15]
[15]
[1488]
[]
[]
[15]
[15]
[15]
[426]
[15]
[]
[15]
[15]
[1504]
[1485]
[]
[4, 3]
[15]
[]
[15]
[]
[]
[1470]
[1469]
[15]
[15]
[]
[]
[15]
[]
[15]
[]
[]
[15]
[15]
[1487]
[]
[1484]
[15]
[]
[15]
[15]
[]
[15]
[15]
[]
[15]
[15]
[]
[]
[15]
[1491]
[]
[15]
[1516]
[1490]
[15]
[]
[]
[15]
[15]
[1498]
[]
[15]
[15]
[1478]
[1511]
[]
[]
[154]
[15]
[]
[]
[15]
[15]
[]
[1484]
[]
[1471]
[374]
[1457]
[15]
[]
[]
[]
[15]
[15]
[1466]
[15]
[15]
[95]
[95]
[725]
[15]
[1501]
[1478]
[1494]
[15]
[1511]
[15]
[542]
[15]
[]
[3, 15]
[15]
[]
[15]
[15]
[15]
[]
[1743]
[1521]
[15]
[15]
[15]
[15]
[1480]
[]
[1492]
[15]
[15]
[15]
[95]
[15]
[]
[15]
[1503]
[1496]
[15]
[15]
[1484]
[1478]
[15]
[15]
[15]
[15]
[15]
[15]
[411]
[1487]
[6, 2, 6]
[15]
[15]
[15]
[1491]
[15]
[1503]
[15]
[15]
[1499]
[15]
[]
[15]
[1462]
[15]
[190]
[1496]
[1483]
[1454]
[15]
[15]
[15]
[15]
[15]
[1506]
[15]
[15]
[1511]
[1500]
[15]
[15]
[15]
[15]
[15]
[15]
[15]
[15]
[1479]
[15]
[15]
[]
[]
[15]
[1494]
[1482]
[1483]
[15]
[15]
[15]
[15]
[1495]
[1511]
[15]
[15]
[15]
[15]
[1487]
[15]
[1493]
[]
[15]
[365]
[1498]
[15]
[15]
[1488]
[15]
[15]
[95]
[]
[1494]
[411]
[]
[]
[15]
[1490]
[1495]
[]
[15]
[]
[1504]
[15]
[1499]
[]
[15]
[1500]
[1513]
[1455]
[]
[1502]
[365]
[5, 3]
[]
[15]
[15]
[15]
[1721]
[15]
[1040]
[]
[15]
[15]
[15]
[1476]
[]
[15]
[7, 6, 8, 3, 7]
[]
[1478]
[15]
[1496]
[15]
[]
[15]
[1502]
[365]
[15]
[154]
[15]
[15]
[1508]
[154]
[15]
[15]
[15]
[15]
[15]
[15]
[]
[]
[15]
[15]
[15]
[1479]
[15]
[15]
[15]
[15]
[411]
[15]
[15]
[363]
[]
[15]
[15]
[15]
[15]
[15]
[95]
[15]
[15]
[]
[]
[1468]
[1507]
[5, 3]
[15]
[15]
[15]
[15]
[15]
[]
[]
[]
[]
[15]
[15]
[]
[15]
[]
[15]
[15]
[15]
[15]
[15]
[1513]
[15]
[1483]
[15]
[15]
[15]
[15]
[15]
[15]
[1506]
[15]
[15]
[15]
[210]
[15]
[15]
[]
[15]
[]
[411]
[15]
[1492]
[1462]
[15]
[15]
[15]
[]
[1466]
[15]
[15]
[]
[15]
[]
[15]
[]
[15]
[]
[15]
[15]
[15]
[]
[411]
[1476]
[15]
[45]
[15]
[15]
[45]
[15]
[15]
[15]
[15]
[1475]
[]
[1506]
[]
[15]
[15]
[]
[6, 20]
[1485]
[1480]
[15]
[15]
[499]
[]
[1502]
[1477]
[15]
[]
[]
[15]
[15]
[45]
[15]
[15]
[]
[15]
[]
[15]
[1483]
[]
[564]
[1482]
[15]
[1571]
[]
[1506]
[1507]
[15]
[1481]
[15]
[15]
[]
[374]
[15]
[15]
[1473]
[1483]
[23]
[1511]
[95]
[]
[8, 11, 4]
[1466]
[15]
[15]
[1491]
[]
[15]
[1491]
[]
[]
[15]
[]
[1471]
[282]
[1495]
[363]
[15]
[15]
[1469]
[]
[15]
[]
[15]
[1511]
[15]
[]
[1492]
[]
[154]
[15]
[264]
[15]
[15]
[15]
[15]
[15]
[15]
[]
[]
[15]
[]
[15]
[45]
[1485]
[15]
[]
[]
[15]
[]
[15]
[15]
[1483]
[15]
[15]
[1464]
[319]
[15]
[15]
[15]
[15]
[1474]
[1464]
[364]
[15]
[45]
[1456]
[15]
[15]
[311]
[411]
[8, 3, 4]
[15]
[15]
[15]
[15]
[1476]
[363]
[15]
[15]
[15]
[1474]
[15]
[15]
[15]
[15]
[]
[15]
[]
[95]
[1508]
[15]
[15]
[84]
[15]
[15]
[15]
[1502]
[15]
[15]
[15]
[1481]
[15]
[]
[15]
[15]
[15]
[3, 6, 3]
[]
[15]
[1511]
[15]
[15]
[15]
[1504]
[]
[1493]
[]
[]
[15]
[154]
[15]
[15]
[15]
[]
[]
[15]
[15]
[]
[1492]
[1474]
[154]
[1509]
[328]
[390]
[]
[1499]
[]
[1505]
[]
[15]
[1495]
[411]
[95]
[1498]
[15]
[228]
[]
[]
[15]
[15]
[363]
[15]
[143]
[1502]
[1501]
[1482]
[15]
[]
[]
[363]
[]
[415]
[15]
[1470]
[1505]
[15]
[]
[15]
[1490]
[]
[1490]
[15]
[1476]
[]
[15]
[]
[1007]
[15]
[1464]
[15]
[15]
[15]
[]
[15]
[1470]
[15]
[]
[15]
[15]
[15]
[15]
[15]
[1501]
[]
[15]
[15]
[1517]
[15]
[252]
[1489]
[15]
[]
[15]
[15]
[15]
[45]
[15]
[363]
[1505]
[15]
[3, 5]
[15]
[15]
[15]
[1509]
[1488]
[15]
[104]
[15]
[15]
[15]
[1487]
[]
[1466]
[15]
[15]
[]
[1480]
[15]
[15]
[15]
[488]
[]
[1505]
[15]
[1498]
[15]
[15]
[]
[15]
[]
[45]
[15]
[15]
[1492]
[415]
[]
[15]
[15]
[15]
[15]
[15]
[15]
[15]
[]
[1511]
[15]
[1500]
[15]
[]
[45]
[320]
[15]
[1506]
[]
[15]
[15]
[1486]
[15]
[3, 6, 4]
[275]
[15]
[15]
[15]
[8, 3, 4]
[15]
[15]
[15]
[]
[15]
[]
[1493]
[]
[15]
[109]
[334]
[15]
[15]
[]
[]
[15]
[]
[15]
[15]
[1492]
[15]
[15]
[409]
[15]
[]
[]
[15]
[1483]
[15]
[365]
[15]
[15]
[116]
[15]
[15]
[1496]
[1489]
[1495]
[15]
[15]
[1487]
[15]
[15]
[]
[15]
[8, 1, 6, 357, 1, 6, 8, 565, 11, 1, 6, 36, 8, 138, 4]
[1464]
[15]
[]
[1486]
[1445]
[210]
[15]
[15]
[45]
[1486]
[]
[79]
[1496]
[15]
[]
[15]
[15]
[4, 5, 3, 1]
[15]
[228]
[15]
[15]
[]
[]
[1487]
[15]
[]
[15]
[15]
[411]
[15]
[]
[15]
[15]
[15]
[499]
[1464]
[1501]
[1472]
[]
[15]
[]
[1476]
[15]
[15]
[1484]
[1486]
[]
[2, 6, 6, 6, 3]
[15]
[]
[15]
[15]
[45]
[]
[15]
[282]
[15]
[]
[309]
[15]
[]
[15]
[15]
[15]
[1507]
[]
[15]
[15]
[15]
[]
[1485]
[15]
[15]
[15]
[15]
[]
[]
[]
[363]
[5, 4, 20, 9]
[1504]
[]
[15]
[1508]
[15]
[]
[15]
[15]
[1474]
[15]
[1470]
[15]
[15]
[15]
[1457]
[15]
[1473]
[1474]
[15]
[8, 2, 3, 6]
[15]
[15]
[]
[15]
[15]
[15]
[]
[15]
[15]
[1483]
[15]
[15]
[1483]
[]
[15]
[1485]
[15]
[15]
[264]
[190]
[15]
[]
[411]
[15]
[1486]
[210]
[15]
[]
[15]
[95]
[1503]
[15]
[1487]
[15]
[1488]
[154]
[15]
[1484]
[15]
[15]
[]
[15]
[62]
[15]
[15]
[]
[]
[1472]
[95]
[]
[]
[15]
[15]
[15]
[]
[]
[15]
[45]
[15]
[]
[]
[15]
[]
[1479]
[15]
[325]
[]
[15]
[1475]
[15]
[1485]
[15]
[]
[1503]
[15]
[15]
[1485]
[411]
[15]
[45]
[15]
[268]
[154]
[1488]
[15]
[1457]
[15]
[15]
[56]
[15]
[15]
[15]
[]
[1479]
[15]
[1497]
[1489]
[15]
[411]
[15]
[1494]
[15]
[15]
[15]
[15]
[15]
[15]
[15]
[]
[1494]
[15]
[1496]
[15]
[]
[15]
[15]
[]
[15]
[15]
[15]
[15]
[]
[409]
[]
[411]
[]
[15]
[15]
[15]
[15]
[15]
[]
[15]
[411]
[3, 4, 5]
[]
[15]
[45]
[373]
[15]
[542]
[15]
[15]
[15]
[]
[]
[45]
[15]
[15]
[1500]
[1464]
[15]
[1498]
[15]
[]
[]
[15]
[1485]
[]
[154]
[15]
[15]
[6, 2, 6, 2]
[15]
[1502]
[1486]
[15]
[15]
[1499]
[15]
[15]
[15]
[]
[15]
[15]
[15]
[1500]
[1489]
[15]
[1509]
[15]
[15]
[1504]
[1499]
[15]
[166]
[]
[15]
[15]
[]
[]
[240]
[15]
[15]
[15]
[]
[15]
[15]
[]
[15]
[15]
[15]
[15]
[1475]
[15]
[15]
[15]
[15]
[15]
[1484]
[15]
[1483]
[]
[1484]
[1505]
[15]
[15]
[15]
[15]
[15]
[15]
[1491]
[15]
[15]
[1490]
[409]
[15]
[1490]
[15]
[1501]
[]
[15]
[15]
[15]
[]
[1492]
[15]
[]
[15]
[15]
[]
[]
[]
[15]
[1478]
[]
[15]
[15]
[15]
[15]
[15]
[15]
[]
[499]
[1492]
[]
[1496]
[15]
[1506]
[15]
[15]
[1503]
[326]
[15]
[1503]
[1462]
[15]
[32, 6, 1]
[5, 3, 4]
[196]
[]
[1474]
[15]
[1482]
[15]
[15]
[15]
[15]
[15]
[1480]
[411]
[]
[15]
[1481]
[1497]
[542]
[15]
[15]
[15]
[15]
[1492]
[1510]
[6, 13, 6, 8, 8, 8, 1, 6, 4, 464, 136]
[15]
[15]
[1462]
[15]
[1491]
[15]
[]
[1487]
[1484]
[15]
[1491]
[15]
[15]
[1486]
[15]
[15]
[15]
[154]
[]
[15]
[15]
[]
[1485]
[210]
[]
[]
[]
[]
[15]
[]
[15]
[15]
[95]
[15]
[1467]
[15]
[15]
[]
[15]
[15]
[]
[15]
[]
[15]
[15]
[]
[15]
[15]
[15]
[15]
[]
[1501]
[]
[15]
[15]
[95]
[1472]
[15]
[15]
[15]
[15]
[15]
[15]
[15]
[15]
[1508]
[15]
[15]
[1489]
[154]
[363]
[]
[1502]
[15]
[412]
[1469]
[1485]
[15]
[15]
[1493]
[15]
[]
[15]
[]
[15]
[15]
[1444]
[]
[]
[15]
[15]
[1503]
[15]
[]
[1508]
[1490]
[15]
[]
[1487]
[15]
[15]
[1508]
[]
[15]
[1483]
[]
[15]
[15]
[363]
[15]
[15]
[15]
[]
[15]
[]
[15]
[]
[1502]
[15]
[15]
[15]
[15]
[576]
[1481]
[]
[15]
[1480]
[15]
[15]
[15]
[1476]
[15]
[]
[15]
[95]
[1517]
[1510]
[15]
[15]
[15]
[15]
[15]
[]
[1488]
[15]
[15]
[1500]
[1489]
[1491]
[1494]
[15]
[15]
[]
[15]
[1478]
[1485]
[1507]
[15]
[1510]
[15]
[1572]
[15]
[]
[1496]
[15]
[15]
[]
[1477]
[15]
[15]
[15]
[325]
[]
[154]
[]
[1478]
[45]
[]
[15]
[15]
[15]
[15]
[15]
[1489]
[1491]
[]
[15]
[363]
[1475]
[15]
[1496]
[509]
[]
[]
[15]
[95]
[]
[221]
[]
[1511]
[15]
[15]
[15]
[1470]
[]
[]
[1481]
[15]
[256]
[15]
[1466]
[15]
[1502]
[]
[]
[]
[95]
[15]
[15]
[15]
[15]
[15]
[267]
[15]
[15]
[]
[15]
[15]
[1509]
[15]
[1487]
[15]
[1504]
[15]
[15]
[15]
[15]
[]
[]
[1491]
[]
[1498]
[15]
[1528]
[15]
[15]
[499]
[]
[]
[15]
[15]
[]
[15]
[15]
[15]
[15]
[]
[490]
[1487]
[15]
[15]
[15]
[15]
[15]
[20, 6]
[15]
[15]
[15]
[1467]
[]
[]
[1473]
[15]
[1469]
[]
[255]
[15]
[15]
[15]
[1489]
[]
[]
[15]
[1480]
[]
[]
[15]
[15]
[1494]
[1505]
[15]
[1496]
[15]
[15]
[15]
[15]
[365]
[15]
[15]
[]
[1476]
[1503]
[15]
[542]
[]
[15]
[]
[15]
[]
[15]
[1498]
[15]
[15]
[15]
[177]
[15]
[]
[15]
[15]
[]
[15]
[15]
[1476]
[15]
[]
[15]
[411]
[1492]
[]
[15]
[1486]
[15]
[15]
[15]
[15]
[]
[15]
[197]
[]
[]
[1511]
[6, 7, 4, 3, 3, 3, 7]
[365]
[]
[15]
[15]
[]
[1478]
[]
[4, 3, 7, 8]
[1470]
[15]
[15]
[15]
[]
[]
[1478]
[15]
[1512]
[]
[15]
[15]
[228]
[15]
[363]
[1478]
[1477]
[1453]
[1510]
[1494]
[15]
[15]
[15]
[]
[]
[]
[15]
[]
[15]
[355]
[15]
[15]
[]
[15]
[1492]
[]
[15]
[15]
[15]
[15]
[]
[15]
[15]
[]
[1478]
[15]
[]
[1505]
[]
[15]
[174]
[15]
[15]
[15]
[]
[15]
[]
[15]
[15]
[411]
[]
[1502]
[1502]
[1508]
[15]
[15]
[363]
[15]
[]
[1510]
[1500]
[]
[15]
[]
[]
[15]
[15]
[15]
[1504]
[15]
[15]
[15]
[1500]
[15]
[]
[]
[15]
[1502]
[1481]
[1480]
[1462]
[177]
[15]
[15]
[15]
[15]
[15]
[15]
[15]
[15]
[]
[1487]
[]
[]
[]
[]
[1501]
[]
[15]
[15]
[15]
[177]
[154]
[]
[1472]
[]
[15]
[1452]
[]
[15]
[]
[15]
[154]
[15]
[15]
[5, 3, 4]
[]
[]
[15]
[1510]
[1516]
[15]
[1460]
[1478]
[15]
[15]
[95]
[15]
[]
[]
[15]
[]
[]
[632]
[15]
[]
[15]
[1455]
[15]
[363]
[]
[]
[1468]
[1486]
[]
[15]
[1517]
[]
[15]
[1498]
[15]
[]
[1496]
[]
[1504]
[1462]
[15]
[]
[15]
[]
[15]
[1478]
[15]
[411]
[15]
[1511]
[363]
[15]
[363]
[]
[15]
[15]
[]
[]
[15]
[1491]
[15]
[15]
[1495]
[15]
[15]
[15]
[]
[1516]
[5, 3, 6]
[]
[1499]
[1482]
[15]
[]
[411]
[]
[411]
[1468]
[15]
[1477]
[1470]
[1497]
[15]
[15]
[15]
[1495]
[15]
[15]
[15]
[15]
[15]
[15]
[15]
[15]
[15]
[15]
[1482]
[15]
[]
[411]
[]
[]
[15]
[1494]
[]
[]
[15]
[15]
[]
[1497]
[]
[411]
[15]
[]
[177]
[1496]
[15]
[15]
[1507]
[]
[15]
[15]
[104]
[1501]
[154]
[15]
[]
[15]
[15]
[]
[411]
[]
[15]
[]
[1490]
[]
[15]
[]
[15]
[]
[]
[15]
[15]
[15]
[1452]
[]
[]
[15]
[15]
[]
[15]
[15]
[1481]
[15]
[1498]
[1468]
[154]
[1485]
[6]
[1488]
[15]
[]
[15]
[15]
[15]
[]
[15]
[15]
[]
[]
[1503]
[95]
[15]
[1453]
[15]
[]
[15]
[15]
[15]
[1510]
[]
[45]
[]
[15]
[15]
[411]
[411]
[15]
[1471]
[363]
[15]
[15]
[1470]
[6, 6, 8, 8, 809, 1, 6, 4, 8, 212]
[15]
[15]
[]
[15]
[1474]
[15]
[15]
[1474]
[1472]
[]
[411]
[15]
[1470]
[1483]
[1483]
[1490]
[]
[15]
[15]
[15]
[15]
[1487]
[95]
[15]
[8, 1, 6, 357, 1, 6, 8, 565, 11, 1, 6, 36, 8, 138, 4]
[15]
[15]
[15]
[15]
[15]
[15]
[15]
[1502]
[422]
[]
[15]
[1468]
[177]
[15]
[1502]
[15]
[363]
[15]
[15]
[15]
[15]
[15]
[15]
[411]
[15]
[1498]
[1486]
[1484]
[]
[15]
[15]
[15]
[15]
[]
[]
[20, 6]
[]
[]
[411]
[45]
[]
[]
[95]
[411]
[]
[1460]
[]
[386]
[15]
[15]
[1484]
[1485]
[1465]
[15]
[15]
[15]
[]
[1461]
[15]
[1493]
[]
[7, 4, 3, 12]
[]
[]
[15]
[411]
[424]
[15]
[202]
[1485]
[154]
[7, 4, 3, 12]
[1490]
[640]
[15]
[15]
[1480]
[1484]
[15]
[]
[]
[190]
[1468]
[15]
[1486]
[1465]
[15]
[499]
[15]
[15]
[]
[15]
[15]
[246]
[45]
[]
[15]
[]
[15]
[15]
[411]
[1487]
[290]
[]
[1488]
[]
[1464]
[1481]
[]
[15]
[]
[15]
[15]
[15]
[15]
[15]
[1467]
[15]
[3, 9]
[15]
[15]
[]
[1480]
[15]
[15]
[177]
[15]
[15]
[1493]
[]
[15]
[]
[]
[15]
[15]
[15]
[15]
[95]
[15]
[15]
[15]
[412]
[374]
[1476]
[15]
[15]
[1499]
[]
[]
[1478]
[15]
[1503]
[]
[15]
[1503]
[1454]
[154]
[15]
[1505]
[15]
[15]
[363]
[15]
[]
[]
[4, 3, 2]
[15]
[1485]
[15]
[253]
[15]
[15]
[1477]
[]
[95]
[15]
[1468]
[15]
[15]
[1494]
[411]
[1498]
[]
[15]
[]
[]
[]
[15]
[45]
[15]
[]
[15]
[1471]
[15]
[15]
[1493]
[15]
[15]
[190]
[]
[109]
[15]
[]
[15]
[1497]
[]
[154]
[15]
[15]
[15]
[1468]
[1490]
[6, 3]
[1509]
[15]
[15]
[15]
[]
[]
[15]
[1483]
[15]
[15]
[15]
[15]
[]
[1445]
[]
[15]
[]
[154]
[15]
[15]
[]
[15]
[15]
[15]
[15]
[15]
[15]
[15]
[1483]
[15]
[15]
[15]
[1484]
[586]
[15]
[1503]
[15]
[]
[]
[]
[8, 11, 4]
[15]
[1498]
[15]
[15]
[]
[15]
[1505]
[15]
[15]
[]
[]
[1459]
[]
[95]
[1514]
[15]
[15]
[15]
[1451]
[15]
[]
[]
[109]
[15]
[]
[15]
[15]
[15]
[]
[15]
[15]
[499]
[15]
[1473]
[1480]
[15]
[15]
[1503]
[15]
[]
[]
[]
[15]
[15]
[15]
[15]
[15]
[15]
[15]
[]
[1483]
[15]
[15]
[15]
[15]
[411]
[1478]
[8, 11, 4]
[]
[]
[15]
[15]
[15]
[]
[]
[15]
[]
[15]
[15]
[1476]
[6, 2, 7, 6]
[15]
[1481]
[45]
[1510]
[]
[1488]
[15]
[1515]
[1493]
[1485]
[15]
[1504]
[]
[15]
[15]
[15]
[1487]
[1489]
[15]
[15]
[]
[15]
[3, 7, 5]
[1511]
[]
[154]
[]
[15]
[542]
[1485]
[1468]
[1501]
[15]
[]
[1481]
[15]
[1481]
[1470]
[]
[]
[1478]
[404]
[15]
[1502]
[15]
[]
[15]
[1506]
[1490]
[15]
[1456]
[1490]
[13]
[15]
[15]
[45]
[95]
[411]
[1503]
[15]
[1490]
[15]
[15]
[]
[15]
[15]
[15]
[]
[15]
[15]
[15]
[15]
[1486]
[15]
[15]
[15]
[]
[7, 11, 4]
[363]
[95]
[15]
[15]
[1494]
[1497]
[15]
[]
[15]
[15]
[]
[190]
[15]
[]
[15]
[15]
[15]
[411]
[]
[15]
[15]
[]
[15]
[15]
[15]
[15]
[15]
[]
[15]
[15]
[15]
[]
[]
[1505]
[1491]
[]
[1486]
[15]
[1490]
[15]
[1514]
[15]
[]
[1505]
[15]
[15]
[]
[]
[15]
[365]
[15]
[]
[15]
[15]
[363]
[15]
[15]
[1475]
[15]
[15]
[]
[15]
[15]
[499]
[1508]
[121]
[363]
[15]
[15]
[15]
[15]
[15]
[15]
[15]
[1487]
[15]
[15]
[1506]
[15]
[1509]
[3, 15]
[]
[1479]
[15]
[15]
[1498]
[15]
[15]
[15]
[15]
[1459]
[15]
[15]
[143]
[411]
[15]
[]
[15]
[]
[15]
[15]
[15]
[1492]
[1499]
[]
[15]
[1480]
[15]
[]
[]
[15]
[15]
[1506]
[45]
[15]
[1503]
[1490]
[15]
[15]
[15]
[1518]
[1482]
[1499]
[15]
[15]
[15]
[]
[]
[15]
[1494]
[15]
[15]
[15]
[]
[]
[]
[1491]
[1466]
[]
[]
[15]
[15]
[15]
[15]
[1485]
[]
[15]
[15]
[15]
[8, 3, 4]
[15]
[15]
[]
[1478]
[15]
[1476]
[15]
[15]
[499]
[]
[15]
[15]
[]
[15]
[1494]
[15]
[1475]
[]
[1478]
[15]
[15]
[]
[15]
[15]
[1511]
[]
[1472]
[766]
[15]
[6, 9, 6, 6, 19]
[15]
[1482]
[1495]
[363]
[15]
[15]
[1475]
[138]
[1472]
[15]
[15]
[177]
[15]
[1519]
[190]
[1509]
[15]
[]
[45]
[45]
[15]
[154]
[]
[]
[1510]
[1465]
[]
[]
[15]
[1472]
[1504]
[1485]
[]
[]
[15]
[15]
[1495]
[1472]
[1496]
[]
[542]
[]
[15]
[1503]
[]
[15]
[15]
[]
[15]
[1475]
[15]
[15]
[1496]
[15]
[]
[15]
[15]
[15]
[]
[1484]
[15]
[15]
[1496]
[]
[15]
[15]
[15]
[1510]
[15]
[15]
[15]
[1480]
[15]
[15]
[1481]
[15]
[1491]
[]
[15]
[15]
[15]
[15]
[1473]
[15]
[15]
[]
[411]
[]
[]
[499]
[]
[15]
[15]
[1462]
[15]
[1499]
[15]
[1504]
[15]
[]
[15]
[]
[]
[15]
[15]
[45]
[]
[1489]
[]
[]
[15]
[15]
[15]
[15]
[]
[1462]
[62]
[15]
[411]
[15]
[]
[127]
[15]
[542]
[15]
[15]
[1511]
[]
[1504]
[15]
[]
[15]
[1502]
[15]
[1494]
[15]
[1511]
[]
[]
[1483]
[1470]
[15]
[]
[280]
[15]
[45]
[1494]
[1475]
[228]
[1486]
[15]
[15]
[411]
[15]
[]
[]
[15]
[15]
[6, 899, 6, 8, 1, 6, 8, 162, 8]
[15]
[]
[45]
[15]
[15]
[15]
[15]
[1466]
[15]
[15]
[154]
[]
[]
[]
[1467]
[6, 8, 3, 9]
[1511]
[1501]
[7, 4, 3, 12]
[1487]
[15]
[1469]
[363]
[15]
[15]
[]
[15]
[15]
[1493]
[499]
[]
[15]
[]
[1502]
[15]
[154]
[15]
[]
[15]
[15]
[]
[15]
[15]
[15]
[15]
[15]
[1483]
[15]
[15]
[15]
[]
[15]
[15]
[]
[]
[1466]
[15]
[15]
[15]
[1505]
[15]
[]
[15]
[15]
[154]
[]
[15]
[15]
[15]
[]
[15]
[15]
[]
[15]
[15]
[]
[1511]
[1490]
[15]
[15]
[]
[]
[15]
[15]
[15]
[1497]
[15]
[45]
[210]
[15]
[1512]
[1482]
[15]
[1510]
[15]
[1488]
[15]
[]
[]
[15]
[154]
[15]
[15]
[15]
[15]
[]
[45]
[15]
[1493]
[1500]
[1492]
[190]
[]
[1496]
[1472]
[15]
[363]
[45]
[15]
[15]
[45]
[1485]
[15]
[1471]
[]
[1498]
[]
[95]
[333]
[]
[15]
[15]
[]
[177]
[]
[15]
[542]
[15]
[15]
[1506]
[15]
[15]
[15]
[]
[]
[363]
[]
[15]
[15]
[15]
[15]
[15]
[]
[1482]
[15]
[1487]
[499]
[]
[15]
[1506]
[1500]
[411]
[15]
[15]
[]
[15]
[15]
[15]
[15]
[15]
[15]
[15]
[1488]
[15]
[15]
[6]
[15]
[1500]
[15]
[15]
[]
[]
[1490]
[1502]
[15]
[95]
[15]
[411]
[15]
[15]
[]
[15]
[69]
[542]
[15]
[]
[]
[6, 7, 7, 3, 13, 3]
[1505]
[15]
[1493]
[15]
[15]
[1499]
[]
[15]
[1468]
[15]
[15]
[15]
[15]
[]
[]
[15]
[45]
[1513]
[1483]
[15]
[15]
[499]
[3, 15]
[15]
[61, 3, 2]
[15]
[]
[1472]
[1485]
[15]
[15]
[6, 8, 137, 174, 60, 6, 66, 8, 1, 6, 4, 8]
[1502]
[15]
[]
[45]
[]
[15]
[]
[15]
[15]
[1465]
[]
[15]
[1483]
[15]
[15]
[45]
[1492]
[15]
[]
[15]
[15]
[542]
[15]
[1460]
[15]
[95]
[15]
[]
[15]
[1502]
[1499]
[]
[]
[]
[1467]
[15]
[15]
[409]
[]
[15]
[15]
[15]
[]
[15]
[15]
[15]
[1488]
[15]
[363]
[15]
[]
[15]
[95]
[15]
[15]
[]
[1500]
[15]
[15]
[15]
[15]
[]
[15]
[]
[1482]
[]
[]
[45]
[1488]
[15]
[]
[]
[]
[363]
[15]
[15]
[1506]
[]
[1477]
[15]
[15]
[15]
[15]
[]
[1502]
[15]
[]
[1511]
[178]
[]
[15]
[1489]
[15]
[]
[15]
[210]
[1457]
[365]
[15]
[15]
[15]
[]
[365]
[]
[]
[15]
[]
[15]
[15]
[15]
[15]
[1490]
[15]
[15]
[15]
[15]
[15]
[15]
[15]
[15]
[]
[15]
[]
[1503]
[15]
[15]
[]
[15]
[]
[1478]
[1487]
[1479]
[15]
[1492]
[15]
[1508]
[15]
[1475]
[45]
[15]
[15]
[15]
[15]
[15]
[]
[1490]
[]
[1480]
[15]
[]
[15]
[15]
[15]
[1464]
[15]
[296]
[15]
[15]
[]
[15]
[15]
[7, 4, 3, 12]
[15]
[15]
[15]
[282]
[228]
[15]
[1506]
[]
[15]
[1484]
[15]
[15]
[1504]
[15]
[174]
[15]
[1480]
[1473]
[15]
[15]
[]
[15]
[15]
[15]
[15]
[15]
[]
[15]
[15]
[]
[15]
[]
[15]
[15]
[15]
[]
[45]
[15]
[1486]
[15]
[15]
[]
[15]
[15]
[15]
[15]
[15]
[15]
[154]
[15]
[]
[15]
[1494]
[15]
[4, 6, 3, 4]
[15]
[15]
[1489]
[]
[15]
[15]
[1481]
[15]
[1496]
[1472]
[228]
[15]
[1490]
[15]
[]
[]
[1462]
[1480]
[]
[15]
[15]
[15]
[15]
[363]
[118]
[15]
[15]
[15]
[]
[15]
[15]
[538]
[15]
[]
[1510]
[15]
[1496]
[1510]
[1510]
[15]
[1494]
[15]
[15]
[]
[1476]
[]
[1483]
[1463]
[15]
[1493]
[43]
[15]
[15]
[1499]
[15]
[1482]
[15]
[15]
[15]
[1494]
[1490]
[420]
[15]
[15]
[]
[1476]
[]
[15]
[]
[1482]
[1516]
[15]
[15]
[1474]
[]
[]
[15]
[15]
[15]
[1502]
[95]
[]
[1496]
[1495]
[15]
[15]
[1494]
[45]
[15]
[]
[15]
[84]
[15]
[154]
[15]
[1477]
[15]
[]
[15]
[15]
[1500]
[15]
[1483]
[15]
[15]
[15]
[15]
[15]
[4, 3, 4]
[]
[15]
[1497]
[]
[1485]
[15]
[15]
[]
[]
[363]
[]
[409]
[15]
[1501]
[1493]
[1479]
[107]
[]
[]
[1508]
[15]
[15]
[15]
[]
[411]
[15]
[15]
[154]
[15]
[1476]
[15]
[154]
[15]
[15]
[]
[15]
[411]
[45]
[15]
[1485]
[210]
[15]
[93]
[]
[]
[1497]
[]
[231]
[]
[15]
[15]
[15]
[]
[]
[15]
[]
[1466]
[15]
[15]
[1498]
[]
[15]
[]
[15]
[15]
[1498]
[]
[15]
[1492]
[15]
[15]
[15]
[154]
[15]
[15]
[15]
[1494]
[1480]
[1510]
[15]
[15]
[15]
[15]
[15]
[411]
[]
[]
[]
[]
[15]
[15]
[1505]
[15]
[15]
[15]
[]
[]
[15]
[45]
[]
[509]
[15]
[15]
[1511]
[15]
[15]
[1486]
[1476]
[15]
[15]
[1508]
[15]
[1497]
[1486]
[15]
[15]
[15]
[1463]
[]
[]
[15]
[]
[15]
[1483]
[15]
[1497]
[15]
[15]
[]
[15]
[15]
[15]
[15]
[15]
[15]
[]
[15]
[1467]
[]
[15]
[1507]
[15]
[1487]
[15]
[15]
[15]
[]
[7, 4, 3, 12]
[15]
[]
[15]
[15]
[15]
[6, 9]
[363]
[154]
[15]
[15]
[]
[1459]
[]
[1504]
[]
[15]
[15]
[15]
[499]
[15]
[15]
[]
[15]
[15]
[15]
[1495]
[15]
[]
[]
[15]
[1500]
[509]
[15]
[]
[15]
[15]
[15]
[1477]
[15]
[1515]
[15]
[]
[1489]
[15]
[15]
[1490]
[15]
[]
[1475]
[408]
[]
[500]
[15]
[1505]
[1519]
[1513]
[15]
[411]
[]
[15]
[1481]
[95]
[1496]
[1503]
[177]
[15]
[3, 5, 4]
[]
[15]
[15]
[]
[15]
[]
[15]
[95]
[1478]
[]
[1496]
[15]
[]
[363]
[]
[1505]
[15]
[]
[15]
[15]
[362]
[1483]
[15]
[154]
[1486]
[1524]
[]
[]
[15]
[499]
[15]
[177]
[]
[]
[15]
[]
[365]
[15]
[1502]
[1455]
[1502]
[15]
[]
[15]
[]
[15]
[15]
[1491]
[15]
[]
[15]
[]
[]
[]
[15]
[15]
[15]
[]
[15]
[]
[15]
[365]
[15]
[15]
[15]
[362]
[95]
[]
[228]
[15]
[56]
[15]
[154]
[1503]
[1488]
[]
[1476]
[]
[15]
[]
[40]
[15]
[]
[15]
[15]
[1480]
[15]
[15]
[5, 3]
[210]
[15]
[1503]
[15]
[1484]
[15]
[45]
[15]
[15]
[15]
[15]
[15]
[15]
[15]
[]
[]
[123]
[]
[95]
[15]
[8, 3, 4]
[1485]
[15]
[15]
[15]
[15]
[15]
[15]
[]
[15]
[15]
[15]
[15]
[15]
[15]
[15]
[9]
[15]
[1510]
[210]
[15]
[1488]
[15]
[1498]
[15]
[45]
[15]
[1465]
[]
[15]
[15]
[15]
[]
[15]
[15]
[15]
[15]
[15]
[15]
[15]
[15]
[1491]
[1492]
[1492]
[15]
[]
[15]
[15]
[15]
[1510]
[15]
[15]
[1498]
[363]
[15]
[]
[15]
[15]
[1497]
[15]
[15]
[]
[15]
[15]
[1501]
[1479]
[]
[15]
[15]
[15]
[15]
[15]
[1501]
[411]
[]
[15]
[15]
[]
[509]
[]
[15]
[15]
[]
[15]
[15]
[15]
[1460]
[1474]
[15]
[15]
[1497]
[1483]
[15]
[15]
[1491]
[1510]
[]
[8, 11, 4]
[15]
[]
[15]
[1487]
[15]
[15]
[15]
[15]
[6, 1128, 224, 8, 6, 8, 1, 6, 8]
[1502]
[15]
[15]
[1507]
[]
[15]
[499]
[]
[1471]
[15]
[15]
[45]
[95]
[1453]
[15]
[405]
[1482]
[499]
[]
[15]
[1486]
[]
[15]
[1472]
[203]
[15]
[363]
[15]
[]
[15]
[]
[1475]
[15]
[15]
[95]
[]
[1486]
[162]
[15]
[177]
[15]
[210]
[15]
[]
[15]
[15]
[15]
[15]
[15]
[1485]
[15]
[1509]
[]
[15]
[15]
[1486]
[15]
[1487]
[]
[15]
[15]
[15]
[]
[]
[1487]
[1469]
[45]
[]
[15]
[15]
[15]
[]
[]
[]
[15]
[15]
[]
[314]
[15]
[15]
[1487]
[]
[]
[1491]
[]
[]
[15]
[154]
[15]
[15]
[15]
[1499]
[15]
[15]
[15]
[1501]
[]
[15]
[1475]
[15]
[]
[190]
[15]
[]
[15]
[15]
[15]
[15]
[1511]
[1487]
[5, 7]
[1511]
[]
[45]
[154]
[15]
[15]
[15]
[1465]
[282]
[15]
[15]
[15]
[95]
[]
[15]
[15]
[]
[15]
[15]
[15]
[3, 14]
[]
[]
[15]
[15]
[15]
[1493]
[15]
[15]
[15]
[]
[]
[15]
[15]
[15]
[390]
[15]
[15]
[15]
[]
[]
[15]
[]
[15]
[95]
[15]
[]
[478]
[15]
[15]
[1486]
[15]
[15]
[]
[15]
[15]
[]
[15]
[15]
[365]
[15]
[15]
[1445]
[]
[15]
[95]
[15]
[15]
[15]
[15]
[]
[15]
[4, 6, 3]
[15]
[1495]
[]
[15]
[15]
[]
[95]
[15]
[1490]
[15]
[15]
[15]
[411]
[15]
[411]
[177]
[15]
[95]
[15]
[]
[1490]
[15]
[1458]
[1498]
[15]
[1488]
[15]
[15]
[15]
[1500]
[282]
[15]
[15]
[]
[15]
[15]
[15]
[441]
[]
[15]
[]
[15]
[]
[15]
[15]
[15]
[15]
[15]
[1491]
[]
[]
[15]
[15]
[15]
[15]
[1464]
[15]
[15]
[1473]
[15]
[15]
[15]
[15]
[351]
[1507]
[]
[15]
[1478]
[]
[]
[15]
[15]
[15]
[1463]
[490]
[1533]
[15]
[15]
[15]
[1517]
[15]
[15]
[]
[363]
[]
[1502]
[]
[15]
[107]
[]
[]
[1488]
[]
[1509]
[15]
[]
[15]
[15]
[375]
[1492]
[1462]
[]
[1495]
[15]
[]
[1505]
[15]
[]
[15]
[411]
[15]
[]
[15]
[15]
[15]
[15]
[15]
[1504]
[15]
[5, 3, 10]
[1488]
[363]
[]
[1481]
[154]
[1504]
[3, 4, 5]
[1492]
[15]
[15]
[]
[1482]
[1481]
[1492]
[15]
[1501]
[154]
[15]
[15]
[363]
[15]
[]
[15]
[15]
[15]
[15]
[15]
[452]
[]
[15]
[15]
[15]
[]
[15]
[1474]
[15]
[15]
[]
[1472]
[154]
[15]
[15]
[]
[1510]
[15]
[1494]
[15]
[15]
[15]
[1472]
[15]
[15]
[15]
[15]
[1491]
[411]
[1480]
[15]
[15]
[95]
[]
[15]
[15]
[1499]
[1498]
[15]
[365]
[15]
[15]
[15]
[15]
[15]
[1490]
[303]
[]
[45]
[15]
[1491]
[15]
[15]
[15]
[15]
[15]
[]
[]
[1319]
[1504]
[499]
[15]
[1510]
[]
[1488]
[15]
[15]
[15]
[1515]
[]
[]
[15]
[15]
[15]
[1494]
[15]
[1473]
[15]
[]
[15]
[15]
[15]
[411]
[15]
[15]
[6, 4, 2, 6]
[]
[15]
[15]
[15]
[15]
[15]
[15]
[15]
[142]
[1481]
[1492]
[1507]
[1481]
[15]
[45]
[15]
[109]
[15]
[542]
[1493]
[365]
[135]
[15]
[15]
[]
[15]
[15]
[15]
[15]
[1460]
[15]
[1494]
[154]
[15]
[15]
[15]
[201]
[]
[]
[15]
[15]
[15]
[15]
[15]
[1488]
[15]
[15]
[]
[15]
[420]
[15]
[]
[15]
[162]
[15]
[1502]
[1488]
[]
[15]
[15]
[15]
[15]
[15]
[15]
[]
[15]
[1506]
[45]
[15]
[15]
[1497]
[15]
[228]
[15]
[]
[1477]
[15]
[15]
[]
[1500]
[]
[]
[1508]
[15]
[15]
[15]
[15]
[]
[363]
[15]
[15]
[3, 5, 4]
[363]
[95]
[6, 181, 8, 6, 1028, 1, 6, 8, 8]
[1480]
[15]
[1506]
[1496]
[1498]
[1504]
[15]
[154]
[15]
[15]
[]
[61, 3, 2]
[15]
[15]
[]
[]
[15]
[204]
[]
[15]
[]
[]
[15]
[1480]
[]
[177]
[15]
[424]
[15]
[15]
[6, 3, 2, 4]
[15]
[15]
[15]
[]
[177]
[15]
[15]
[5, 26, 4, 9]
[15]
[]
[15]
[15]
[1500]
[411]
[]
[15]
[15]
[15]
[1497]
[15]
[15]
[1500]
[15]
[15]
[177]
[15]
[408]
[154]
[1488]
[15]
[1473]
[6, 25, 1]
[]
[]
[15]
[15]
[15]
[15]
[1490]
[351]
[15]
[15]
[95]
[15]
[]
[409]
[1472]
[15]
[]
[15]
[15]
[95]
[15]
[15]
[1289]
[1510]
[15]
[1511]
[]
[15]
[15]
[15]
[363]
[15]
[]
[15]
[1502]
[]
[1501]
[15]
[]
[15]
[15]
[1492]
[]
[542]
[1495]
[]
[15]
[154]
[1496]
[1496]
[363]
[1476]
[15]
[1474]
[154]
[15]
[15]
[1470]
[1505]
[]
[15]
[]
[1470]
[15]
[15]
[1498]
[15]
[]
[]
[15]
[15]
[1496]
[15]
[15]
[509]
[15]
[1493]
[]
[]
[163]
[15]
[6, 9, 6, 6, 19]
[15]
[]
[15]
[]
[]
[15]
[]
[15]
[6]
[409]
[]
[1478]
[15]
[15]
[1470]
[15]
[15]
[365]
[]
[1478]
[1511]
[]
[]
[15]
[1491]
[15]
[45]
[411]
[15]
[15]
[15]
[]
[15]
[15]
[8, 11, 4]
[15]
[15]
[15]
[]
[1473]
[]
[1472]
[1484]
[15]
[1487]
[15]
[]
[15]
[1511]
[15]
[363]
[15]
[363]
[15]
[1502]
[]
[15]
[375]
[15]
[1487]
[304]
[95]
[15]
[15]
[15]
[]
[1478]
[127]
[79]
[15]
[]
[422]
[1501]
[15]
[15]
[15]
[15]
[15]
[]
[15]
[15]
[]
[15]
[15]
[489]
[15]
[]
[]
[1459]
[1479]
[]
[15]
[1482]
[1502]
[363]
[]
[15]
[15]
[1478]
[15]
[1500]
[]
[]
[]
[15]
[1499]
[]
[15]
[15]
[335]
[374]
[15]
[15]
[1499]
[1492]
[]
[15]
[15]
[15]
[15]
[15]
[]
[15]
[1511]
[1458]
[15]
[15]
[15]
[15]
[]
[15]
[15]
[499]
[15]
[15]
[15]
[]
[1464]
[15]
[15]
[15]
[15]
[15]
[177]
[1478]
[]
[]
[15]
[]
[]
[15]
[363]
[1476]
[15]
[15]
[409]
[1511]
[15]
[1511]
[15]
[15]
[]
[15]
[15]
[365]
[15]
[1485]
[15]
[15]
[]
[15]
[1479]
[]
[15]
[544]
[365]
[15]
[1490]
[]
[]
[1498]
[15]
[]
[]
[60]
[15]
[365]
[15]
[15]
[1502]
[1485]
[]
[15]
[177]
[]
[1477]
[1487]
[]
[1472]
[15]
[5, 3, 4]
[15]
[1510]
[15]
[]
[15]
[15]
[1484]
[201]
[375]
[1488]
[1467]
[154]
[1501]
[1477]
[1496]
[]
[95]
[15]
[15]
[15]
[15]
[15]
[1475]
[15]
[]
[15]
[15]
[1472]
[21, 34]
[]
[]
[15]
[15]
[15]
[15]
[15]
[1467]
[267]
[1473]
[15]
[15]
[15]
[]
[1484]
[350]
[1501]
[15]
[15]
[95]
[15]
[95]
[15]
[]
[15]
[15]
[]
[1466]
[15]
[15]
[15]
[15]
[15]
[15]
[15]
[]
[]
[1500]
[411]
[15]
[1486]
[15]
[1486]
[]
[15]
[1495]
[1502]
[15]
[15]
[]
[15]
[15]
[15]
[411]
[15]
[3, 4]
[15]
[15]
[15]
[15]
[374]
[15]
[1517]
[]
[1507]
[45]
[411]
[15]
[]
[1494]
[15]
[1453]
[1505]
[15]
[]
[15]
[45]
[15]
[]
[15]
[15]
[15]
[15]
[15]
[45]
[15]
[]
[1482]
[1493]
[]
[15]
[15]
[15]
[1474]
[15]
[15]
[]
[15]
[15]
[15]
[]
[15]
[1492]
[15]
[]
[15]
[15]
[15]
[15]
[15]
[1464]
[15]
[15]
[15]
[15]
[]
[15]
[363]
[73]
[15]
[]
[15]
[15]
[422]
[411]
[7]
[15]
[]
[15]
[1506]
[45]
[15]
[15]
[1487]
[1494]
[]
[]
[15]
[15]
[1471]
[15]
[15]
[1486]
[]
[15]
[1506]
[15]
[1475]
[15]
[15]
[15]
[15]
[411]
[15]
[15]
[15]
[]
[411]
[15]
[15]
[15]
[1512]
[]
[]
[154]
[15]
[1502]
[1509]
[15]
[15]
[15]
[1476]
[4, 3, 6]
[15]
[15]
[15]
[15]
[]
[]
[15]
[1479]
[15]
[1470]
[15]
[]
[15]
[15]
[1487]
[15]
[15]
[1498]
[15]
[15]
[15]
[]
[1488]
[15]
[1495]
[522]
[15]
[15]
[15]
[]
[15]
[15]
[15]
[15]
[]
[15]
[15]
[45]
[15]
[]
[1464]
[3, 4]
[15]
[15]
[45]
[1505]
[1507]
[1502]
[]
[15]
[15]
[]
[]
[189]
[1486]
[542]
[1490]
[15]
[]
[15]
[15]
[15]
[15]
[45]
[1474]
[15]
[15]
[]
[15]
[1494]
[154]
[1501]
[]
[]
[15]
[1516]
[6, 3]
[]
[1498]
[15]
[15]
[1484]
[]
[]
[15]
[15]
[15]
[]
[1486]
[15]
[1465]
[]
[15]
[15]
[15]
[15]
[1476]
[15]
[1474]
[]
[]
[15]
[1486]
[1509]
[15]
[15]
[15]
[363]
[15]
[]
[15]
[15]
[]
[15]
[109]
[1422]
[]
[]
[1485]
[]
[15]
[15]
[177]
[]
[]
[15]
[15]
[15]
[1481]
[95]
[15]
[15]
[15]
[1508]
[15]
[15]
[15]
[1483]
[]
[15]
[1507]
[]
[15]
[15]
[110]
[]
[15]
[15]
[15]
[1509]
[15]
[15]
[1501]
[15]
[1466]
[15]
[]
[15]
[15]
[2, 6, 6, 12, 3]
[15]
[15]
[1486]
[8, 3, 4]
[15]
[1481]
[499]
[1493]
[15]
[15]
[15]
[1471]
[]
[15]
[15]
[]
[15]
[15]
[4, 6, 3, 3, 10, 7]
[1456]
[15]
[15]
[1468]
[]
[15]
[15]
[1497]
[1457]
[1478]
[15]
[7, 4, 3, 12]
[15]
[569]
[15]
[15]
[1490]
[]
[45]
[15]
[15]
[15]
[15]
[15]
[210]
[]
[15]
[363]
[15]
[374]
[]
[15]
[]
[15]
[]
[15]
[]
[15]
[1505]
[15]
[15]
[15]
[]
[]
[1496]
[]
[365]
[15]
[15]
[1474]
[15]
[]
[15]
[15]
[15]
[]
[1477]
[]
[177]
[1506]
[15]
[15]
[1503]
[1476]
[15]
[1489]
[1503]
[15]
[1496]
[]
[15]
[15]
[15]
[1480]
[15]
[15]
[15]
[1474]
[15]
[1481]
[45]
[15]
[15]
[1477]
[1516]
[]
[1681]
[15]
[]
[210]
[15]
[15]
[1484]
[1500]
[]
[15]
[15]
[]
[15]
[15]
[15]
[15]
[15]
[15]
[15]
[1499]
[15]
[1484]
[15]
[]
[15]
[1510]
[15]
[1478]
[15]
[15]
[15]
[15]
[15]
[1514]
[1483]
[1445]
[15]
[15]
[15]
[15]
[1486]
[15]
[15]
[1497]
[]
[1468]
[1491]
[15]
[15]
[15]
[6, 2, 6]
[15]
[15]
[15]
[1484]
[1469]
[1502]
[15]
[15]
[]
[15]
[1492]
[15]
[365]
[1481]
[499]
[15]
[1499]
[15]
[116]
[15]
[1466]
[15]
[1485]
[]
[15]
[15]
[15]
[7, 4, 3, 12]
[15]
[15]
[45]
[1511]
[]
[15]
[1487]
[45]
[]
[15]
[15]
[210]
[1456]
[1474]
[15]
[]
[15]
[15]
[15]
[422]
[15]
[210]
[15]
[15]
[15]
[95]
[15]
[15]
[15]
[154]
[15]
[15]
[15]
[95]
[]
[15]
[15]
[15]
[15]
[411]
[1471]
[1519]
[154]
[1490]
[411]
[411]
[15]
[1518]
[15]
[15]
[1529]
[15]
[15]
[1476]
[15]
[1510]
[373]
[1508]
[15]
[15]
[15]
[1486]
[1479]
[]
[]
[363]
[15]
[499]
[]
[]
[]
[15]
[15]
[]
[1502]
[15]
[15]
[15]
[202]
[15]
[411]
[15]
[15]
[]
[15]
[15]
[15]
[15]
[]
[15]
[]
[]
[15]
[15]
[15]
[15]
[15]
[15]
[15]
[15]
[363]
[15]
[1506]
[]
[1504]
[15]
[15]
[1497]
[499]
[15]
[3, 14]
[190]
[15]
[1480]
[15]
[15]
[363]
[15]
[]
[15]
[15]
[154]
[]
[15]
[15]
[411]
[]
[15]
[1492]
[15]
[1482]
[15]
[]
[15]
[]
[15]
[15]
[15]
[15]
[]
[15]
[15]
[15]
[15]
[1470]
[]
[1505]
[1479]
[1493]
[1507]
[15]
[1486]
[15]
[15]
[15]
[15]
[]
[15]
[]
[15]
[15]
[]
[15]
[15]
[15]
[1492]
[1476]
[177]
[15]
[1481]
[1476]
[15]
[1492]
[15]
[15]
[]
[15]
[]
[15]
[499]
[15]
[15]
[15]
[]
[15]
[15]
[15]
[15]
[]
[15]
[]
[15]
[15]
[]
[15]
[1472]
[79]
[15]
[15]
[]
[]
[1474]
[1489]
[]
[]
[]
[]
[]
[15]
[]
[15]
[15]
[1481]
[499]
[1497]
[15]
[1473]
[1472]
[45]
[]
[15]
[15]
[]
[1473]
[15]
[15]
[177]
[]
[15]
[15]
[732]
[15]
[]
[15]
[1509]
[411]
[1482]
[]
[1507]
[15]
[1475]
[]
[]
[15]
[15]
[363]
[1511]
[15]
[6, 2]
[15]
[15]
[6, 6, 9, 6, 26]
[15]
[95]
[]
[15]
[]
[5, 4, 3]
[15]
[15]
[15]
[15]
[15]
[15]
[15]
[15]
[1499]
[]
[1499]
[182]
[15]
[542]
[15]
[15]
[15]
[15]
[15]
[15]
[15]
[15]
[15]
[15]
[1513]
[1463]
[15]
[]
[1, 4, 9]
[15]
[]
[15]
[]
[353]
[]
[]
[15]
[15]
[15]
[15]
[15]
[15]
[15]
[1502]
[1498]
[]
[15]
[1492]
[]
[15]
[]
[1672]
[1476]
[15]
[228]
[15]
[15]
[]
[9]
[15]
[]
[15]
[15]
[15]
[]
[15]
[]
[15]
[15]
[15]
[15]
[264]
[15]
[45]
[1482]
[1471]
[1488]
[15]
[15]
[]
[]
[]
[1473]
[15]
[15]
[15]
[1501]
[15]
[15]
[408]
[]
[177]
[15]
[154]
[]
[95]
[]
[15]
[15]
[45]
[15]
[411]
[]
[15]
[15]
[15]
[]
[15]
[15]
[1494]
[1494]
[15]
[]
[15]
[15]
[759]
[45]
[]
[15]
[15]
[1524]
[15]
[]
[]
[15]
[15]
[15]
[]
[1502]
[15]
[]
[]
[1506]
[95]
[1498]
[15]
[15]
[15]
[1485]
[363]
[]
[]
[15]
[365]
[15]
[]
[436]
[]
[15]
[15]
[15]
[15]
[1474]
[]
[15]
[177]
[363]
[4, 3]
[15]
[15]
[15]
[15]
[15]
[15]
[1480]
[15]
[365]
[1483]
[]
[15]
[15]
[15]
[201]
[15]
[15]
[]
[1490]
[15]
[154]
[15]
[]
[1492]
[15]
[15]
[15]
[15]
[15]
[15]
[1477]
[]
[15]
[1496]
[]
[15]
[154]
[1487]
[95]
[1465]
[1481]
[]
[15]
[15]
[]
[15]
[]
[15]
[]
[411]
[15]
[]
[1510]
[15]
[15]
[15]
[154]
[15]
[15]
[15]
[]
[]
[15]
[15]
[]
[15]
[15]
[1491]
[403]
[11, 3]
[45]
[15]
[15]
[15]
[15]
[15]
[]
[15]
[15]
[15]
[1494]
[1481]
[15]
[1486]
[15]
[15]
[15]
[411]
[]
[15]
[1495]
[]
[1497]
[15]
[1494]
[15]
[1506]
[15]
[15]
[]
[]
[68]
[15]
[15]
[]
[15]
[15]
[1500]
[15]
[5, 3, 6]
[15]
[15]
[1466]
[15]
[15]
[15]
[1480]
[15]
[15]
[15]
[15]
[1480]
[15]
[15]
[]
[]
[15]
[15]
[]
[1501]
[1485]
[]
[15]
[411]
[15]
[15]
[15]
[15]
[]
[363]
[1499]
[]
[15]
[]
[15]
[15]
[15]
[]
[15]
[]
[15]
[]
[1459]
[15]
[15]
[15]
[1480]
[15]
[1499]
[1494]
[15]
[3, 14]
[1511]
[]
[1512]
[45]
[1500]
[15]
[15]
[182]
[15]
[15]
[15]
[]
[1481]
[15]
[210]
[]
[15]
[15]
[1495]
[15]
[15]
[1506]
[15]
[15]
[411]
[15]
[15]
[1475]
[15]
[15]
[375]
[15]
[15]
[15]
[154]
[15]
[]
[9]
[1472]
[1484]
[]
[1484]
[]
[]
[1519]
[15]
[]
[15]
[15]
[15]
[1486]
[15]
[]
[15]
[]
[15]
[15]
[15]
[]
[15]
[15]
[1490]
[1492]
[1509]
[1477]
[15]
[]
[15]
[177]
[542]
[]
[]
[15]
[15]
[163]
[1496]
[]
[7, 4, 3, 12]
[15]
[15]
[15]
[15]
[15]
[15]
[15]
[1506]
[]
[1464]
[15]
[1484]
[15]
[15]
[15]
[]
[15]
[1470]
[15]
[]
[363]
[15]
[1467]
[390]
[1495]
[15]
[15]
[411]
[15]
[15]
[1500]
[1484]
[]
[15]
[15]
[15]
[45]
[1502]
[1497]
[15]
[]
[]
[]
[1, 4, 9]
[363]
[15]
[15]
[1510]
[1493]
[15]
[]
[15]
[1491]
[1484]
[15]
[45]
[365]
[]
[15]
[15]
[15]
[]
[]
[15]
[15]
[1496]
[1507]
[]
[1495]
[15]
[1489]
[411]
[15]
[15]
[]
[1498]
[1500]
[15]
[15]
[363]
[15]
[1483]
[15]
[411]
[15]
[15]
[15]
[1492]
[15]
[1498]
[15]
[]
[15]
[15]
[15]
[390]
[1497]
[3, 15]
[15]
[]
[]
[15]
[]
[]
[15]
[15]
[1495]
[1482]
[1516]
[15]
[]
[]
[1498]
[1505]
[]
[1521]
[15]
[15]
[15]
[15]
[]
[1498]
[15]
[1480]
[]
[351]
[1465]
[15]
[15]
[15]
[15]
[]
[15]
[]
[1511]
[3, 7]
[1491]
[]
[95]
[411]
[]
[1489]
[15]
[15]
[]
[5, 3, 66]
[15]
[15]
[15]
[]
[1486]
[15]
[]
[15]
[210]
[45]
[]
[15]
[1487]
[15]
[]
[]
[]
[]
[1503]
[3, 6]
[13]
[1487]
[]
[]
[]
[15]
[]
[1343]
[]
[15]
[15]
[210]
[154]
[15]
[15]
[15]
[154]
[15]
[1495]
[363]
[]
[15]
[15]
[15]
[15]
[15]
[15]
[1470]
[]
[15]
[]
[1490]
[1480]
[5, 3, 5]
[]
[]
[15]
[15]
[15]
[]
[]
[154]
[1510]
[1472]
[15]
[15]
[]
[15]
[]
[1500]
[1491]
[15]
[1496]
[15]
[15]
[]
[]
[15]
[15]
[]
[15]
[3, 5]
[15]
[15]
[15]
[]
[15]
[]
[15]
[]
[15]
[1490]
[1471]
[15]
[15]
[15]
[15]
[15]
[15]
[1482]
[1519]
[15]
[15]
[15]
[15]
[1481]
[15]
[15]
[411]
[15]
[15]
[1510]
[]
[203]
[3, 6, 2, 6]
[542]
[1477]
[1472]
[15]
[1483]
[95]
[1513]
[1491]
[15]
[8, 6, 164, 1, 6, 1271, 8, 6, 8]
[]
[1477]
[1502]
[15]
[1486]
[15]
[15]
[15]
[1476]
[1479]
[203]
[1485]
[]
[15]
[499]
[]
[]
[]
[15]
[15]
[15]
[15]
[1485]
[1491]
[15]
[15]
[15]
[]
[15]
[15]
[154]
[15]
[]
[15]
[1510]
[1495]
[15]
[1499]
[15]
[15]
[1501]
[]
[15]
[1469]
[]
[1491]
[]
[6, 25]
[15]
[15]
[15]
[15]
[15]
[1475]
[15]
[]
[15]
[1508]
[15]
[15]
[15]
[15]
[190]
[15]
[15]
[15]
[15]
[15]
[]
[15]
[]
[15]
[1502]
[15]
[]
[]
[15]
[15]
[4, 3, 6]
[15]
[15]
[15]
[1475]
[1486]
[15]
[15]
[15]
[1455]
[15]
[]
[15]
[1484]
[8, 6, 127, 586, 8, 6, 1, 6, 8]
[15]
[]
[1483]
[]
[15]
[15]
[]
[]
[15]
[]
[542]
[45]
[15]
[15]
[]
[15]
[15]
[15]
[1497]
[15]
[363]
[1501]
[15]
[1474]
[15]
[15]
[1471]
[15]
[15]
[15]
[1484]
[1464]
[]
[95]
[15]
[15]
[499]
[15]
[15]
[15]
[15]
[15]
[15]
[363]
[1503]
[15]
[1490]
[]
[15]
[1474]
[15]
[1497]
[]
[15]
[6, 22]
[15]
[15]
[85]
[15]
[]
[15]
[1489]
[1483]
[45]
[15]
[]
[15]
[15]
[1465]
[1472]
[411]
[]
[15]
[15]
[15]
[1469]
[]
[15]
[]
[]
[15]
[1481]
[45]
[]
[1503]
[15]
[15]
[]
[]
[1509]
[499]
[]
[95]
[]
[15]
[15]
[15]
[]
[15]
[15]
[15]
[1481]
[490]
[15]
[15]
[15]
[]
[]
[15]
[15]
[15]
[8, 3, 4]
[15]
[15]
[1505]
[15]
[45]
[1499]
[1462]
[15]
[]
[15]
[15]
[1479]
[15]
[]
[15]
[364]
[22]
[15]
[15]
[1461]
[15]
[1491]
[15]
[15]
[15]
[15]
[15]
[15]
[1495]
[15]
[15]
[15]
[1499]
[15]
[]
[1513]
[15]
[15]
[]
[1499]
[1472]
[1475]
[1471]
[]
[1481]
[15]
[1496]
[15]
[15]
[]
[1496]
[1, 4, 9]
[1389]
[15]
[15]
[15]
[15]
[15]
[1470]
[1484]
[15]
[15]
[15]
[15]
[1470]
[]
[363]
[15]
[363]
[15]
[15]
[15]
[15]
[15]
[1511]
[]
[15]
[15]
[409]
[15]
[1456]
[]
[15]
[15]
[]
[15]
[15]
[15]
[15]
[15]
[1579]
[]
[15]
[9, 8, 3]
[15]
[15]
[15]
[15]
[27, 64, 36, 1, 16, 28]
[1516]
[]
[15]
[15]
[15]
[3, 3, 13]
[15]
[15]
[411]
[1519]
[15]
[]
[15]
[15]
[15]
[15]
[]
[15]
[1503]
[15]
[]
[]
[15]
[15]
[15]
[1469]
[1470]
[]
[15]
[477]
[1503]
[1439]
[15]
[1468]
[15]
[]
[3, 14]
[15]
[]
[15]
[1500]
[]
[15]
[]
[15]
[1493]
[15]
[15]
[1476]
[15]
[15]
[15]
[1479]
[15]
[15]
[15]
[15]
[15]
[15]
[]
[15]
[15]
[1504]
[15]
[1472]
[15]
[]
[15]
[]
[]
[1475]
[15]
[15]
[15]
[15]
[]
[15]
[15]
[15]
[411]
[1488]
[]
[1479]
[15]
[4, 3, 1]
[15]
[1496]
[15]
[365]
[1514]
[15]
[]
[1484]
[]
[1490]
[15]
[15]
[15]
[1485]
[15]
[15]
[414]
[]
[1507]
[15]
[6, 1, 746, 8, 1, 1, 6, 11, 8, 1, 36, 1, 6, 110, 8, 103, 4]
[6, 181, 8, 6, 1028, 1, 6, 8, 8]
[499]
[]
[]
[1475]
[15]
[15]
[15]
[]
[68]
[]
[15]
[1474]
[15]
[]
[15]
[]
[15]
[15]
[15]
[15]
[15]
[1484]
[15]
[15]
[15]
[1471]
[1510]
[15]
[]
[1482]
[15]
[411]
[]
[15]
[210]
[15]
[15]
[]
[15]
[1488]
[1488]
[15]
[1484]
[15]
[365]
[15]
[1507]
[1505]
[14, 3]
[542]
[15]
[15]
[15]
[1474]
[]
[]
[15]
[1465]
[15]
[15]
[]
[15]
[15]
[15]
[15]
[15]
[1474]
[1486]
[]
[15]
[15]
[15]
[1504]
[15]
[]
[45]
[]
[5, 4, 20, 9]
[15]
[15]
[15]
[1480]
[]
[15]
[15]
[]
[15]
[154]
[15]
[15]
[1464]
[]
[177]
[15]
[]
[1489]
[15]
[1470]
[1477]
[154]
[1519]
[]
[]
[15]
[15]
[15]
[1509]
[15]
[15]
[8, 10, 4]
[]
[15]
[15]
[15]
[1492]
[400]
[]
[15]
[]
[363]
[15]
[15]
[1490]
[]
[15]
[15]
[]
[1517]
[15]
[15]
[15]
[15]
[]
[15]
[]
[15]
[1483]
[163]
[154]
[411]
[1507]
[1479]
[1454]
[15]
[15]
[15]
[1499]
[264]
[1485]
[]
[15]
[542]
[]
[1481]
[1490]
[15]
[1510]
[409]
[]
[1498]
[1485]
[203]
[]
[177]
[15]
[95]
[1484]
[]
[15]
[1494]
[15]
[1490]
[15]
[15]
[1493]
[15]
[15]
[15]
[1511]
[15]
[1490]
[15]
[]
[45]
[15]
[15]
[1479]
[3, 7]
[15]
[]
[7, 7, 7, 3, 10]
[15]
[3, 14, 4]
[45]
[]
[411]
[]
[15]
[15]
[15]
[15]
[15]
[15]
[]
[210]
[]
[411]
[1501]
[1464]
[15]
[15]
[15]
[15]
[15]
[15]
[15]
[15]
[15]
[411]
[15]
[15]
[15]
[15]
[15]
[15]
[]
[15]
[15]
[15]
[1487]
[15]
[95]
[15]
[1496]
[15]
[1503]
[15]
[]
[1508]
[1503]
[6, 6, 9, 20, 6]
[210]
[15]
[15]
[15]
[1508]
[1495]
[411]
[15]
[1493]
[]
[1473]
[15]
[]
[15]
[1502]
[15]
[95]
[1514]
[1459]
[15]
[]
[]
[1483]
[45]
[15]
[]
[]
[1471]
[15]
[15]
[15]
[15]
[15]
[]
[15]
[15]
[]
[]
[]
[411]
[15]
[1493]
[15]
[15]
[]
[15]
[15]
[1485]
[15]
[]
[15]
[15]
[15]
[15]
[1492]
[]
[15]
[15]
[]
[15]
[24]
[15]
[]
[]
[15]
[]
[15]
[15]
[1480]
[15]
[79]
[1511]
[15]
[154]
[1492]
[15]
[1487]
[289]
[1495]
[]
[]
[1486]
[15]
[15]
[15]
[15]
[1481]
[15]
[]
[1474]
[15]
[575]
[]
[1476]
[15]
[15]
[154]
[]
[1494]
[]
[1478]
[15]
[15]
[]
[15]
[1481]
[15]
[15]
[]
[15]
[]
[15]
[]
[15]
[15]
[363]
[15]
[1479]
[15]
[]
[5, 7]
[15]
[1474]
[15]
[15]
[15]
[15]
[83]
[1510]
[]
[15]
[278]
[15]
[]
[190]
[15]
[1506]
[]
[15]
[]
[]
[]
[15]
[15]
[15]
[15]
[1501]
[]
[1486]
[177]
[408]
[1510]
[]
[15]
[1514]
[]
[363]
[15]
[15]
[15]
[1472]
[15]
[1478]
[1474]
[411]
[1480]
[15]
[]
[]
[15]
[]
[408]
[15]
[1480]
[1470]
[15]
[]
[15]
[]
[15]
[15]
[]
[1460]
[15]
[1487]
[]
[]
[]
[1498]
[1490]
[]
[45]
[]
[1515]
[15]
[15]
[]
[15]
[1496]
[1491]
[]
[]
[1517]
[15]
[1468]
[363]
[1478]
[15]
[1499]
[15]
[15]
[]
[45]
[95]
[]
[3, 14]
[15]
[15]
[15]
[1496]
[15]
[]
[1480]
[15]
[15]
[]
[1510]
[1495]
[15]
[15]
[15]
[]
[1493]
[15]
[1451]
[15]
[]
[15]
[1500]
[1503]
[1492]
[15]
[15]
[1496]
[1493]
[15]
[15]
[15]
[15]
[15]
[15]
[]
[15]
[1479]
[1496]
[15]
[15]
[15]
[15]
[]
[15]
[15]
[95]
[15]
[1500]
[]
[15]
[]
[1490]
[]
[15]
[15]
[1528]
[15]
[1511]
[]
[1480]
[]
[15]
[1480]
[374]
[15]
[15]
[15]
[]
[1491]
[15]
[1453]
[1517]
[1492]
[1495]
[3, 14]
[15]
[15]
[]
[363]
[1464]
[15]
[1460]
[45]
[]
[15]
[15]
[15]
[15]
[95]
[15]
[]
[15]
[15]
[15]
[45]
[15]
[154]
[15]
[15]
[363]
[15]
[]
[1450]
[1499]
[15]
[15]
[15]
[]
[15]
[1452]
[15]
[1466]
[15]
[]
[]
[6, 3, 4]
[1477]
[15]
[1498]
[1514]
[15]
[15]
[15]
[15]
[15]
[15]
[15]
[15]
[1485]
[]
[15]
[]
[15]
[]
[15]
[488]
[15]
[154]
[15]
[]
[]
[499]
[15]
[15]
[1506]
[]
[15]
[15]
[1480]
[]
[15]
[1481]
[15]
[95]
[15]
[15]
[1468]
[1466]
[]
[15]
[15]
[15]
[]
[1504]
[15]
[15]
[]
[15]
[15]
[]
[]
[15]
[15]
[15]
[]
[15]
[1484]
[15]
[15]
[]
[15]
[15]
[15]
[95]
[99]
[154]
[15]
[15]
[1510]
[210]
[1495]
[1511]
[1492]
[]
[15]
[15]
[]
[1484]
[]
[15]
[15]
[1461]
[1507]
[15]
[15]
[15]
[15]
[]
[154]
[15]
[]
[15]
[15]
[15]
[]
[1496]
[15]
[15]
[15]
[]
[15]
[1498]
[15]
[15]
[1516]
[15]
[15]
[5, 3, 8]
[]
[15]
[15]
[499]
[15]
[95]
[]
[]
[15]
[15]
[]
[15]
[15]
[509]
[15]
[15]
[15]
[15]
[1481]
[15]
[1475]
[15]
[1501]
[411]
[1504]
[15]
[365]
[]
[]
[15]
[1491]
[15]
[1464]
[15]
[]
[]
[1511]
[15]
[15]
[15]
[15]
[1505]
[408]
[1494]
[15]
[15]
[1467]
[15]
[]
[15]
[15]
[1461]
[]
[15]
[15]
[15]
[15]
[15]
[15]
[1494]
[154]
[]
[15]
[1457]
[15]
[15]
[15]
[]
[15]
[1494]
[15]
[15]
[15]
[15]
[177]
[15]
[15]
[15]
[]
[228]
[15]
[15]
[15]
[109]
[15]
[1492]
[1500]
[15]
[]
[15]
[15]
[15]
[1497]
[15]
[1513]
[15]
[15]
[1491]
[]
[15]
[15]
[1486]
[15]
[15]
[15]
[15]
[15]
[15]
[1484]
[353]
[1501]
[]
[15]
[15]
[1500]
[15]
[15]
[]
[15]
[15]
[15]
[15]
[15]
[1456]
[15]
[15]
[15]
[15]
[1492]
[1484]
[15]
[255]
[3, 4]
[]
[1499]
[]
[]
[15]
[1474]
[1450]
[15]
[15]
[419]
[15]
[15]
[1510]
[15]
[15]
[]
[15]
[15]
[15]
[15]
[15]
[15]
[6, 2, 6, 2, 6]
[]
[15]
[15]
[]
[15]
[]
[45]
[1477]
[1490]
[15]
[15]
[1510]
[15]
[1496]
[6, 7, 4, 3, 3, 7]
[15]
[1492]
[15]
[1482]
[1504]
[15]
[]
[1485]
[1464]
[1480]
[15]
[15]
[15]
[15]
[]
[]
[]
[1508]
[1476]
[226]
[]
[15]
[15]
[15]
[15]
[15]
[]
[1469]
[]
[15]
[374]
[499]
[95]
[15]
[95]
[15]
[15]
[15]
[15]
[15]
[]
[15]
[15]
[]
[15]
[15]
[1467]
[]
[1509]
[15]
[15]
[]
[1467]
[15]
[]
[411]
[1465]
[15]
[15]
[]
[15]
[15]
[1503]
[15]
[15]
[411]
[1494]
[1477]
[15]
[15]
[15]
[15]
[15]
[15]
[15]
[15]
[15]
[1482]
[15]
[15]
[]
[15]
[]
[15]
[]
[15]
[1484]
[1498]
[15]
[95]
[15]
[]
[15]
[]
[]
[]
[15]
[15]
[15]
[]
[15]
[]
[15]
[15]
[15]
[15]
[15]
[15]
[15]
[]
[]
[1518]
[]
[]
[1488]
[]
[1477]
[1466]
[15]
[15]
[]
[282]
[15]
[1483]
[]
[15]
[15]
[15]
[1506]
[7, 4, 3, 12]
[15]
[15]
[15]
[411]
[15]
[411]
[15]
[15]
[1501]
[411]
[]
[1501]
[15]
[15]
[15]
[]
[]
[15]
[15]
[68]
[490]
[15]
[154]
[1476]
[1444]
[1501]
[15]
[1478]
[15]
[45]
[15]
[15]
[15]
[15]
[15]
[117]
[15]
[1492]
[]
[15]
[]
[244]
[1503]
[79]
[15]
[15]
[15]
[1488]
[15]
[]
[221]
[15]
[1478]
[15]
[411]
[]
[]
[]
[15]
[203]
[]
[15]
[45]
[15]
[]
[15]
[1482]
[]
[]
[1474]
[1473]
[1492]
[1499]
[]
[]
[15]
[15]
[15]
[15]
[15]
[1472]
[]
[154]
[15]
[363]
[15]
[15]
[]
[15]
[15]
[]
[1491]
[15]
[15]
[15]
[363]
[15]
[15]
[15]
[15]
[1477]
[]
[15]
[1472]
[1468]
[15]
[15]
[15]
[15]
[1522]
[15]
[]
[377]
[15]
[403]
[]
[]
[177]
[]
[15]
[15]
[45]
[45]
[]
[]
[1500]
[1491]
[15]
[15]
[15]
[15]
[15]
[15]
[15]
[15]
[1495]
[15]
[1486]
[15]
[15]
[1492]
[]
[411]
[15]
[15]
[1484]
[]
[15]
[15]
[]
[45]
[15]
[15]
[15]
[]
[1492]
[15]
[15]
[]
[866]
[15]
[1508]
[10, 7, 3, 8, 11]
[3, 7, 6, 10]
[15]
[1467]
[45]
[1505]
[]
[2, 3, 4]
[1458]
[154]
[]
[373]
[15]
[1486]
[15]
[1472]
[15]
[15]
[15]
[1485]
[1508]
[6, 6, 3, 8]
[365]
[1503]
[15]
[15]
[15]
[1487]
[1487]
[3, 4, 19]
[]
[1503]
[15]
[15]
[15]
[1476]
[15]
[15]
[]
[15]
[15]
[]
[1472]
[1490]
[2, 4, 6, 8, 5, 10, 4, 3, 7]
[15]
[15]
[1495]
[15]
[]
[15]
[]
[15]
[15]
[15]
[15]
[15]
[1490]
[15]
[15]
[]
[1507]
[15]
[499]
[]
[45]
[]
[1497]
[1500]
[1482]
[15]
[]
[1478]
[15]
[15]
[95]
[]
[1495]
[15]
[]
[15]
[1500]
[1498]
[]
[15]
[1493]
[177]
[15]
[15]
[15]
[15]
[1470]
[1489]
[15]
[]
[24]
[109]
[411]
[15]
[15]
[15]
[15]
[15]
[15]
[15]
[]
[15]
[1494]
[15]
[15]
[363]
[15]
[15]
[1504]
[]
[1486]
[15]
[15]
[1476]
[15]
[363]
[1503]
[15]
[15]
[1498]
[15]
[15]
[]
[235]
[95]
[15]
[1491]
[15]
[494]
[15]
[1501]
[1505]
[1503]
[]
[]
[15]
[15]
[]
[15]
[15]
[15]
[]
[15]
[15]
[15]
[]
[]
[]
[15]
[15]
[]
[15]
[]
[365]
[15]
[1482]
[]
[15]
[1446]
[15]
[15]
[15]
[]
[363]
[]
[1508]
[1504]
[363]
[1481]
[95]
[15]
[15]
[1461]
[15]
[15]
[15]
[9]
[15]
[1513]
[363]
[363]
[1511]
[15]
[45]
[]
[1513]
[15]
[15]
[6, 163, 8, 6, 598, 1, 8, 1, 6, 4, 8]
[729]
[15]
[]
[]
[]
[]
[15]
[]
[]
[1493]
[15]
[542]
[1496]
[15]
[]
[45]
[1479]
[]
[]
[95]
[15]
[1477]
[15]
[]
[15]
[15]
[]
[2, 6, 6, 8, 3]
[]
[1481]
[7, 4, 3, 5, 9]
[363]
[15]
[45]
[45]
[15]
[1484]
[177]
[15]
[411]
[15]
[15]
[15]
[15]
[1470]
[15]
[363]
[1486]
[15]
[15]
[1482]
[15]
[1477]
[1494]
[1490]
[177]
[1493]
[1485]
[1472]
[]
[1498]
[15]
[210]
[95]
[15]
[15]
[15]
[15]
[6, 1, 746, 8, 1, 1, 6, 11, 8, 1, 36, 1, 6, 110, 8, 103, 4]
[15]
[15]
[15]
[15]
[15]
[1470]
[15]
[15]
[]
[15]
[15]
[]
[15]
[]
[15]
[95]
[1462]
[95]
[15]
[15]
[15]
[15]
[1494]
[1485]
[]
[15]
[]
[15]
[5, 3, 9, 3, 10, 5]
[15]
[20, 6]
[1480]
[]
[]
[15]
[15]
[15]
[15]
[15]
[15]
[15]
[15]
[15]
[15]
[15]
[]
[]
[15]
[15]
[15]
[15]
[]
[1476]
[]
[15]
[1499]
[282]
[15]
[15]
[3, 14]
[15]
[15]
[15]
[15]
[5, 3, 3, 3]
[15]
[1494]
[15]
[15]
[15]
[15]
[15]
[1474]
[1491]
[411]
[15]
[1484]
[1473]
[1498]
[]
[]
[15]
[15]
[15]
[15]
[15]
[15]
[154]
[]
[1488]
[363]
[15]
[411]
[15]
[1477]
[1487]
[1472]
[]
[6, 1, 8, 8, 164, 1, 6, 4, 562, 1, 36, 2, 1, 6, 238, 8, 11]
[15]
[15]
[15]
[15]
[]
[]
[15]
[1480]
[]
[15]
[363]
[15]
[]
[15]
[]
[15]
[15]
[15]
[203]
[646]
[15]
[15]
[79]
[15]
[1500]
[15]
[1476]
[1473]
[1474]
[8, 4, 11]
[15]
[15]
[15]
[]
[1480]
[15]
[1486]
[]
[1500]
[15]
[15]
[1482]
[490]
[15]
[15]
[15]
[15]
[]
[15]
[1485]
[15]
[]
[15]
[15]
[363]
[1503]
[15]
[542]
[1491]
[15]
[15]
[15]
[]
[1468]
[]
[]
[]
[]
[15]
[166]
[15]
[]
[]
[15]
[]
[15]
[15]
[1487]
[15]
[1500]
[1483]
[177]
[]
[15]
[1497]
[]
[375]
[]
[363]
[]
[]
[15]
[]
[1479]
[363]
[1446]
[1468]
[95]
[1469]
[]
[1477]
[15]
[95]
[15]
[]
[1492]
[15]
[15]
[1491]
[411]
[15]
[1511]
[15]
[1493]
[]
[1510]
[15]
[]
[15]
[1498]
[]
[]
[]
[]
[]
[1488]
[15]
[]
[15]
[15]
[]
[15]
[15]
[210]
[363]
[15]
[15]
[411]
[]
[15]
[15]
[15]
[15]
[15]
[15]
[1511]
[1510]
[15]
[15]
[15]
[1494]
[15]
[15]
[263]
[15]
[15]
[10, 6, 2, 6]
[8, 11, 4]
[378]
[1477]
[1496]
[15]
[15]
[15]
[15]
[85]
[1467]
[]
[]
[1452]
[1492]
[15]
[]
[15]
[15]
[210]
[15]
[]
[1461]
[15]
[15]
[]
[1511]
[15]
[1467]
[1467]
[15]
[1496]
[1478]
[]
[15]
[]
[15]
[1484]
[15]
[]
[1504]
[15]
[1484]
[15]
[]
[1504]
[15]
[45]
[154]
[15]
[]
[15]
[1506]
[]
[189]
[15]
[15]
[]
[]
[15]
[15]
[15]
[15]
[]
[15]
[15]
[15]
[1479]
[45]
[15]
[374]
[15]
[15]
[]
[15]
[363]
[1486]
[1499]
[15]
[15]
[]
[15]
[15]
[15]
[15]
[]
[110]
[411]
[1502]
[15]
[15]
[15]
[15]
[1480]
[]
[1507]
[15]
[1496]
[15]
[19, 6]
[177]
[15]
[15]
[403]
[1486]
[15]
[1480]
[359]
[154]
[15]
[15]
[15]
[15]
[15]
[15]
[15]
[500]
[1484]
[15]
[]
[1471]
[15]
[210]
[15]
[1510]
[15]
[]
[15]
[]
[499]
[95]
[]
[1489]
[]
[]
[1478]
[15]
[1474]
[]
[15]
[]
[15]
[1503]
[15]
[15]
[]
[]
[15]
[1500]
[15]
[]
[15]
[15]
[15]
[1488]
[365]
[411]
[1524]
[15]
[15]
[]
[]
[15]
[15]
[231]
[]
[15]
[15]
[15]
[15]
[311]
[]
[]
[15]
[15]
[15]
[]
[]
[15]
[1482]
[]
[95]
[15]
[1499]
[15]
[15]
[15]
[15]
[15]
[15]
[]
[542]
[15]
[15]
[]
[15]
[1495]
[15]
[363]
[1497]
[15]
[1492]
[1495]
[15]
[]
[1482]
[15]
[15]
[1503]
[15]
[15]
[15]
[15]
[15]
[1511]
[15]
[]
[1502]
[15]
[15]
[15]
[15]
[15]
[15]
[1490]
[15]
[]
[15]
[]
[15]
[15]
[15]
[]
[15]
[15]
[3, 4]
[15]
[15]
[510]
[1491]
[15]
[]
[411]
[15]
[15]
[304]
[15]
[15]
[15]
[]
[1500]
[15]
[1499]
[15]
[15]
[1492]
[15]
[1484]
[365]
[15]
[15]
[1490]
[15]
[15]
[15]
[15]
[15]
[15]
[]
[15]
[15]
[15]
[374]
[15]
[1483]
[]
[15]
[15]
[15]
[]
[1469]
[15]
[]
[]
[15]
[15]
[]
[15]
[]
[1518]
[15]
[15]
[15]
[1493]
[15]
[15]
[489]
[15]
[]
[15]
[]
[15]
[15]
[15]
[15]
[15]
[15]
[15]
[1489]
[15]
[109]
[6, 111, 6, 8, 8, 1112, 36, 6, 8, 4, 1]
[1504]
[15]
[1503]
[]
[1488]
[1502]
[15]
[15]
[1461]
[1510]
[15]
[15]
[15]
[1501]
[363]
[1466]
[]
[15]
[15]
[15]
[1489]
[1492]
[15]
[]
[15]
[15]
[45]
[15]
[15]
[15]
[3, 7]
[]
[15]
[15]
[15]
[15]
[15]
[]
[]
[365]
[]
[1509]
[15]
[15]
[408]
[1495]
[15]
[45]
[15]
[1484]
[15]
[15]
[15]
[1503]
[]
[]
[1467]
[117]
[15]
[15]
[15]
[177]
[]
[1481]
[15]
[1480]
[15]
[15]
[15]
[15]
[15]
[15]
[15]
[]
[15]
[1498]
[15]
[1466]
[]
[]
[1499]
[1482]
[15]
[15]
[15]
[1499]
[15]
[15]
[15]
[1482]
[15]
[15]
[]
[15]
[15]
[1511]
[1476]
[1472]
[1484]
[499]
[15]
[15]
[282]
[15]
[1486]
[15]
[]
[15]
[2171]
[]
[15]
[15]
[1484]
[15]
[15]
[15]
[15]
[]
[1470]
[15]
[15]
[1490]
[15]
[1490]
[15]
[15]
[15]
[1504]
[]
[15]
[15]
[15]
[1501]
[15]
[15]
[]
[]
[]
[15]
[15]
[]
[15]
[1510]
[15]
[154]
[]
[15]
[390]
[15]
[15]
[15]
[15]
[411]
[]
[1496]
[15]
[]
[]
[15]
[]
[15]
[15]
[]
[]
[1495]
[15]
[15]
[1467]
[1505]
[3, 7]
[7, 3, 4, 2]
[15]
[15]
[15]
[]
[1479]
[15]
[1460]
[1494]
[15]
[]
[95]
[15]
[15]
[]
[1474]
[15]
[15]
[1499]
[3, 5, 10]
[109]
[1493]
[15]
[15]
[15]
[15]
[15]
[15]
[15]
[15]
[15]
[15]
[15]
[1481]
[411]
[15]
[109]
[1485]
[]
[15]
[363]
[1472]
[15]
[]
[15]
[]
[1483]
[15]
[15]
[1492]
[1485]
[15]
[1472]
[109]
[1511]
[15]
[15]
[517]
[1483]
[15]
[15]
[]
[]
[15]
[411]
[]
[15]
[15]
[1503]
[15]
[1454]
[15]
[]
[15]
[15]
[15]
[]
[]
[1509]
[300]
[]
[]
[15]
[15]
[1495]
[15]
[1506]
[1507]
[]
[1459]
[15]
[15]
[15]
[]
[15]
[1522]
[45]
[15]
[15]
[1468]
[15]
[1490]
[15]
[1510]
[]
[1511]
[15]
[15]
[15]
[]
[15]
[15]
[6, 722, 163, 8, 6, 1, 6, 4, 8, 8]
[15]
[]
[409]
[]
[15]
[15]
[1463]
[1502]
[1492]
[540]
[1484]
[]
[15]
[]
[15]
[15]
[1479]
[]
[15]
[1490]
[15]
[1495]
[]
[1493]
[]
[1480]
[15]
[95]
[]
[]
[1470]
[177]
[]
[15]
[15]
[7, 4, 3, 12]
[363]
[411]
[]
[15]
[15]
[15]
[]
[95]
[]
[1502]
[15]
[363]
[]
[15]
[1478]
[154]
[15]
[1462]
[177]
[177]
[15]
[]
[]
[15]
[]
[15]
[411]
[15]
[1505]
[]
[]
[15]
[1485]
[411]
[]
[15]
[]
[15]
[365]
[15]
[15]
[1509]
[15]
[15]
[]
[15]
[15]
[15]
[1511]
[1505]
[15]
[15]
[15]
[15]
[15]
[15]
[488]
[15]
[15]
[]
[499]
[1485]
[15]
[15]
[1480]
[363]
[15]
[15]
[15]
[15]
[15]
[15]
[15]
[15]
[1490]
[15]
[15]
[]
[1458]
[15]
[1479]
[15]
[1505]
[1493]
[154]
[]
[15]
[154]
[15]
[15]
[]
[15]
[1490]
[15]
[45]
[15]
[15]
[15]
[15]
[]
[]
[15]
[]
[1474]
[15]
[1508]
[15]
[1493]
[15]
[1500]
[104]
[15]
[1489]
[1490]
[15]
[15]
[]
[]
[15]
[15]
[282]
[]
[]
[15]
[15]
[15]
[15]
[15]
[1492]
[15]
[15]
[1504]
[15]
[15]
[15]
[15]
[239]
[]
[1512]
[15]
[1505]
[1502]
[]
[1508]
[1512]
[15]
[154]
[15]
[1486]
[1484]
[15]
[1462]
[1483]
[15]
[15]
[15]
[15]
[15]
[1462]
[1484]
[15]
[15]
[1480]
[1504]
[45]
[15]
[15]
[15]
[15]
[15]
[15]
[15]
[365]
[15]
[15]
[1502]
[15]
[542]
[15]
[15]
[15]
[]
[15]
[]
[3, 3, 4]
[1473]
[]
[15]
[15]
[]
[154]
[15]
[1498]
[15]
[365]
[1456]
[15]
[]
[15]
[]
[]
[15]
[15]
[95]
[15]
[15]
[1490]
[1486]
[1477]
[1505]
[]
[]
[15]
[15]
[1476]
[15]
[5, 3]
[]
[]
[1493]
[15]
[15]
[15]
[15]
[]
[133]
[]
[15]
[1498]
[]
[15]
[15]
[]
[1480]
[]
[15]
[1526]
[15]
[15]
[15]
[15]
[1666]
[15]
[15]
[]
[15]
[15]
[]
[15]
[15]
[15]
[15]
[15]
[15]
[15]
[1481]
[]
[]
[]
[15]
[1490]
[351]
[15]
[15]
[4, 5, 3]
[]
[15]
[]
[]
[409]
[15]
[15]
[1908]
[3, 4, 4]
[15]
[15]
[15]
[]
[15]
[1484]
[1483]
[6]
[15]
[]
[15]
[1493]
[15]
[15]
[15]
[]
[15]
[365]
[1500]
[15]
[177]
[1487]
[15]
[15]
[15]
[15]
[1482]
[]
[]
[177]
[15]
[]
[15]
[15]
[15]
[1472]
[15]
[15]
[15]
[]
[]
[1482]
[15]
[15]
[177]
[3, 4]
[15]
[8, 4]
[15]
[15]
[15]
[]
[15]
[1480]
[221]
[1506]
[7, 3, 4]
[1479]
[1482]
[15]
[15]
[1519]
[15]
[15]
[]
[]
[1489]
[]
[15]
[15]
[1472]
[15]
[1485]
[]
[527]
[15]
[15]
[1479]
[1481]
[95]
[542]
[15]
[1477]
[15]
[1476]
[15]
[1520]
[]
[]
[15]
[15]
[1508]
[8, 6, 127, 586, 8, 6, 1, 6, 8]
[15]
[15]
[423]
[1500]
[15]
[2, 2, 6, 1, 8, 3, 3]
[1468]
[]
[1495]
[95]
[15]
[1510]
[15]
[]
[]
[499]
[45]
[1463]
[15]
[15]
[15]
[408]
[363]
[1498]
[15]
[]
[15]
[228]
[]
[15]
[15]
[1498]
[]
[15]
[15]
[15]
[1491]
[295]
[]
[1501]
[15]
[15]
[15]
[]
[15]
[]
[45]
[1498]
[15]
[15]
[1486]
[]
[]
[1513]
[]
[1483]
[15]
[15]
[1453]
[15]
[15]
[1491]
[]
[15]
[15]
[15]
[15]
[]
[15]
[]
[]
[1500]
[15]
[15]
[177]
[15]
[1497]
[15]
[15]
[15]
[]
[15]
[15]
[15]
[15]
[1475]
[1499]
[1500]
[]
[1482]
[15]
[15]
[1467]
[]
[15]
[1476]
[]
[15]
[15]
[15]
[15]
[3, 14]
[]
[1481]
[3, 4, 6]
[15]
[]
[15]
[]
[6, 7, 7, 6, 8, 3, 9]
[1482]
[15]
[1495]
[15]
[1480]
[15]
[15]
[1504]
[15]
[15]
[228]
[]
[15]
[]
[]
[15]
[15]
[15]
[1490]
[]
[15]
[1482]
[15]
[365]
[1455]
[15]
[154]
[408]
[1494]
[15]
[15]
[15]
[15]
[15]
[15]
[15]
[]
[]
[15]
[15]
[15]
[15]
[15]
[1505]
[15]
[596]
[15]
[1496]
[15]
[]
[365]
[15]
[15]
[]
[15]
[363]
[499]
[1492]
[]
[15]
[15]
[1499]
[165]
[15]
[15]
[15]
[15]
[509]
[]
[15]
[1513]
[154]
[]
[15]
[15]
[15]
[95]
[15]
[15]
[15]
[15]
[1502]
[15]
[]
[]
[1468]
[15]
[15]
[15]
[15]
[1455]
[15]
[15]
[]
[1489]
[15]
[1497]
[1492]
[15]
[7, 4, 3, 12]
[3, 4]
[]
[]
[]
[45]
[15]
[15]
[1490]
[]
[15]
[1463]
[15]
[1497]
[]
[1492]
[]
[15]
[15]
[411]
[15]
[]
[15]
[1449]
[15]
[]
[1483]
[1488]
[]
[1476]
[15]
[1466]
[]
[15]
[]
[15]
[15]
[15]
[15]
[15]
[15]
[15]
[542]
[1511]
[15]
[15]
[]
[1499]
[]
[15]
[15]
[15]
[15]
[]
[15]
[]
[15]
[1477]
[15]
[]
[]
[15]
[15]
[1511]
[6, 8, 6, 8, 219, 1155, 6, 8, 1]
[15]
[1467]
[15]
[1504]
[1495]
[1492]
[15]
[1484]
[1458]
[1498]
[15]
[]
[15]
[]
[15]
[]
[15]
[]
[15]
[15]
[]
[1491]
[15]
[15]
[]
[]
[15]
[8, 3, 4]
[45]
[1467]
[15]
[15]
[15]
[15]
[409]
[15]
[1508]
[15]
[]
[531]
[15]
[15]
[1458]
[15]
[15]
[15]
[15]
[1484]
[15]
[15]
[15]
[15]
[15]
[1507]
[]
[15]
[]
[15]
[]
[1480]
[1472]
[490]
[15]
[15]
[]
[15]
[15]
[15]
[1493]
[15]
[1485]
[15]
[1492]
[15]
[15]
[363]
[15]
[15]
[1479]
[1450]
[411]
[15]
[]
[15]
[15]
[15]
[15]
[15]
[15]
[15]
[15]
[1513]
[]
[363]
[]
[411]
[6, 1, 8, 8, 1, 164, 1, 6, 4, 1, 36, 562, 1, 6, 238, 8, 11]
[15]
[1481]
[45]
[]
[45]
[1471]
[15]
[15]
[15]
[15]
[15]
[15]
[]
[15]
[1482]
[15]
[15]
[15]
[1499]
[15]
[15]
[15]
[1503]
[]
[15]
[15]
[15]
[1440]
[1508]
[1499]
[490]
[15]
[15]
[]
[1494]
[15]
[1496]
[201]
[15]
[1489]
[15]
[15]
[15]
[15]
[154]
[15]
[15]
[15]
[15]
[15]
[6, 31, 2]
[]
[1505]
[15]
[1476]
[15]
[154]
[15]
[1511]
[]
[1514]
[]
[15]
[15]
[]
[1477]
[15]
[1480]
[]
[1486]
[]
[15]
[]
[]
[15]
[]
[15]
[15]
[15]
[1490]
[1496]
[15]
[15]
[1681]
[15]
[1476]
[15]
[15]
[15]
[15]
[15]
[15]
[15]
[15]
[15]
[15]
[15]
[15]
[]
[1506]
[15]
[15]
[]
[15]
[1490]
[15]
[1465]
[1498]
[]
[15]
[]
[154]
[]
[15]
[]
[1499]
[]
[15]
[15]
[15]
[1487]
[1488]
[1499]
[15]
[15]
[1496]
[177]
[68]
[15]
[]
[1459]
[15]
[422]
[15]
[]
[1477]
[15]
[]
[15]
[3, 7]
[1461]
[]
[15]
[]
[15]
[45]
[1483]
[]
[1506]
[15]
[411]
[15]
[1493]
[15]
[15]
[15]
[1481]
[]
[]
[]
[15]
[15]
[15]
[154]
[15]
[15]
[1495]
[]
[1498]
[1484]
[15]
[15]
[15]
[15]
[15]
[]
[15]
[15]
[15]
[15]
[499]
[15]
[15]
[15]
[15]
[15]
[15]
[15]
[15]
[]
[15]
[15]
[15]
[]
[]
[15]
[]
[15]
[15]
[1477]
[15]
[15]
[]
[15]
[1497]
[499]
[15]
[15]
[]
[15]
[363]
[1485]
[3, 7, 4]
[154]
[]
[15]
[]
[]
[15]
[15]
[15]
[15]
[]
[1483]
[15]
[15]
[365]
[1486]
[1491]
[1477]
[]
[1524]
[15]
[]
[15]
[15]
[15]
[15]
[3, 5, 4]
[]
[15]
[15]
[15]
[15]
[15]
[]
[15]
[1506]
[]
[1477]
[]
[15]
[15]
[1500]
[15]
[]
[15]
[1500]
[15]
[]
[15]
[15]
[1511]
[]
[15]
[435]
[1510]
[15]
[1498]
[409]
[15]
[15]
[363]
[15]
[1462]
[6, 26, 7, 4, 3, 6, 6, 3, 9, 7, 6]
[15]
[15]
[422]
[1495]
[15]
[15]
[]
[363]
[15]
[]
[15]
[95]
[]
[1499]
[409]
[15]
[15]
[15]
[15]
[1468]
[1492]
[310]
[15]
[15]
[1481]
[15]
[15]
[1459]
[409]
[]
[15]
[15]
[]
[15]
[1495]
[1495]
[15]
[15]
[]
[15]
[]
[]
[1454]
[1486]
[15]
[1470]
[]
[]
[95]
[15]
[]
[]
[]
[15]
[15]
[]
[]
[95]
[15]
[15]
[]
[1480]
[490]
[15]
[15]
[1474]
[15]
[1478]
[15]
[]
[1488]
[]
[15]
[15]
[15]
[177]
[15]
[15]
[1482]
[1473]
[15]
[15]
[15]
[]
[1486]
[1458]
[15]
[45]
[]
[15]
[15]
[15]
[15]
[15]
[]
[15]
[15]
[1479]
[]
[]
[15]
[1510]
[1512]
[15]
[15]
[]
[]
[45]
[15]
[]
[15]
[]
[15]
[510]
[15]
[]
[]
[15]
[]
[15]
[15]
[45]
[]
[15]
[]
[1511]
[15]
[15]
[15]
[]
[408]
[15]
[95]
[15]
[15]
[]
[231]
[15]
[15]
[45]
[15]
[1486]
[15]
[45]
[15]
[154]
[406]
[]
[15]
[]
[15]
[15]
[]
[15]
[]
[]
[329]
[45]
[1490]
[1502]
[]
[15]
[15]
[15]
[15]
[15]
[5, 4, 19, 9]
[15]
[15]
[15]
[1476]
[15]
[15]
[]
[15]
[]
[3, 14]
[95]
[15]
[15]
[15]
[15]
[154]
[5, 3, 4]
[154]
[15]
[15]
[1482]
[15]
[15]
[15]
[1501]
[15]
[1496]
[15]
[]
[1486]
[15]
[1494]
[1517]
[15]
[1492]
[15]
[15]
[1463]
[15]
[]
[]
[1514]
[]
[1478]
[1494]
[15]
[3, 5]
[]
[1494]
[15]
[15]
[3, 3, 7]
[15]
[]
[411]
[]
[15]
[]
[15]
[15]
[79]
[15]
[15]
[15]
[1482]
[]
[]
[15]
[15]
[1496]
[15]
[15]
[]
[15]
[15]
[15]
[15]
[1488]
[1485]
[15]
[15]
[1497]
[15]
[]
[15]
[]
[15]
[15]
[15]
[45]
[15]
[15]
[1508]
[154]
[15]
[1490]
[15]
[1486]
[15]
[95]
[15]
[1504]
[]
[1497]
[1489]
[154]
[15]
[411]
[]
[]
[15]
[15]
[]
[15]
[15]
[1504]
[15]
[]
[15]
[15]
[1475]
[500]
[350]
[15]
[15]
[]
[1495]
[15]
[]
[3, 7]
[15]
[1495]
[1495]
[15]
[15]
[15]
[15]
[]
[15]
[15]
[]
[]
[]
[15]
[15]
[1508]
[1472]
[15]
[1469]
[1484]
[15]
[]
[]
[15]
[15]
[15]
[]
[1497]
[15]
[1494]
[15]
[]
[15]
[]
[15]
[]
[411]
[]
[]
[15]
[15]
[15]
[15]
[1480]
[1493]
[490]
[15]
[1479]
[]
[1490]
[15]
[15]
[15]
[15]
[15]
[15]
[15]
[1498]
[]
[888]
[]
[1496]
[15]
[]
[]
[1501]
[8, 11, 4]
[]
[]
[]
[15]
[15]
[15]
[15]
[1498]
[]
[]
[15]
[15]
[15]
[15]
[]
[15]
[]
[365]
[154]
[154]
[95]
[]
[1481]
[566]
[]
[15]
[15]
[304]
[15]
[6, 9]
[]
[]
[]
[]
[]
[1481]
[1470]
[490]
[15]
[15]
[45]
[1475]
[15]
[1484]
[15]
[1483]
[1477]
[1489]
[15]
[15]
[15]
[]
[1513]
[15]
[411]
[15]
[15]
[15]
[]
[15]
[]
[]
[]
[1483]
[15]
[15]
[15]
[15]
[]
[15]
[15]
[15]
[1474]
[509]
[]
[]
[]
[499]
[15]
[]
[15]
[15]
[15]
[15]
[1499]
[411]
[15]
[411]
[15]
[1464]
[15]
[15]
[15]
[]
[15]
[15]
[]
[]
[15]
[15]
[15]
[1486]
[1507]
[15]
[1494]
[15]
[]
[15]
[15]
[15]
[426]
[15]
[15]
[56]
[]
[]
[6, 9, 6, 6, 27]
[15]
[15]
[15]
[3, 4, 5]
[15]
[1508]
[15]
[]
[1495]
[15]
[1507]
[]
[15]
[15]
[15]
[15]
[3, 15]
[]
[109]
[15]
[]
[15]
[1484]
[15]
[15]
[15]
[15]
[1475]
[15]
[1470]
[15]
[15]
[6, 25]
[15]
[15]
[15]
[95]
[1453]
[1513]
[15]
[486]
[15]
[]
[45]
[]
[1491]
[15]
[15]
[]
[]
[]
[]
[15]
[15]
[174]
[15]
[]
[20, 6]
[]
[15]
[]
[15]
[15]
[15]
[1485]
[15]
[15]
[15]
[95]
[]
[1490]
[]
[15]
[15]
[15]
[1494]
[15]
[]
[15]
[1502]
[1511]
[15]
[1493]
[1480]
[15]
[15]
[]
[1472]
[15]
[]
[346]
[1468]
[]
[]
[1456]
[15]
[1476]
[15]
[1480]
[15]
[1511]
[1502]
[15]
[15]
[15]
[]
[411]
[15]
[]
[15]
[15]
[1488]
[15]
[]
[15]
[]
[]
[15]
[1467]
[]
[15]
[15]
[]
[1492]
[]
[1482]
[]
[15]
[15]
[15]
[15]
[15]
[1486]
[]
[1486]
[499]
[]
[1503]
[409]
[15]
[15]
[]
[15]
[1485]
[15]
[15]
[15]
[8, 3, 4]
[]
[15]
[15]
[1489]
[1490]
[1491]
[15]
[15]
[]
[15]
[15]
[15]
[15]
[1482]
[15]
[]
[4, 3, 4]
[]
[]
[1491]
[]
[1503]
[15]
[15]
[15]
[134]
[15]
[1515]
[2, 4]
[]
[]
[15]
[]
[]
[15]
[15]
[]
[15]
[1499]
[]
[15]
[]
[]
[15]
[1515]
[15]
[15]
[15]
[15]
[]
[1487]
[15]
[15]
[15]
[15]
[15]
[1497]
[1447]
[154]
[15]
[]
[15]
[15]
[15]
[15]
[1499]
[411]
[15]
[15]
[15]
[15]
[]
[15]
[15]
[15]
[1490]
[1511]
[]
[15]
[1464]
[15]
[]
[1515]
[15]
[1492]
[1503]
[1488]
[]
[]
[15]
[84]
[]
[]
[15]
[1474]
[15]
[]
[15]
[1468]
[15]
[]
[1497]
[15]
[15]
[1491]
[15]
[1482]
[]
[15]
[15]
[15]
[]
[15]
[]
[15]
[15]
[15]
[1500]
[15]
[]
[3, 14]
[15]
[1478]
[1482]
[1491]
[]
[15]
[15]
[15]
[1672]
[15]
[1483]
[15]
[]
[422]
[15]
[15]
[1511]
[15]
[15]
[]
[]
[1511]
[15]
[15]
[]
[]
[415]
[95]
[]
[15]
[15]
[1499]
[1491]
[]
[1472]
[15]
[15]
[15]
[]
[]
[15]
[542]
[]
[1476]
[1475]
[15]
[15]
[]
[]
[15]
[1509]
[1471]
[]
[15]
[15]
[109]
[15]
[15]
[15]
[15]
[15]
[15]
[409]
[15]
[]
[15]
[15]
[1475]
[15]
[]
[15]
[15]
[1501]
[]
[15]
[15]
[]
[15]
[]
[15]
[]
[]
[15]
[1510]
[15]
[15]
[]
[15]
[]
[15]
[1484]
[15]
[15]
[]
[15]
[15]
[15]
[15]
[15]
[]
[15]
[1462]
[]
[15]
[1494]
[1479]
[15]
[15]
[1496]
[]
[531]
[15]
[363]
[372]
[15]
[15]
[15]
[]
[154]
[15]
[15]
[221]
[]
[15]
[15]
[15]
[15]
[]
[15]
[1471]
[15]
[]
[15]
[1492]
[15]
[15]
[15]
[]
[15]
[15]
[15]
[1495]
[15]
[1502]
[15]
[]
[15]
[]
[15]
[15]
[]
[]
[15]
[45]
[]
[95]
[15]
[15]
[264]
[15]
[15]
[]
[]
[235]
[]
[]
[15]
[15]
[15]
[154]
[15]
[15]
[]
[15]
[15]
[104]
[]
[1504]
[]
[95]
[15]
[1509]
[15]
[15]
[1449]
[1501]
[]
[1477]
[15]
[]
[15]
[15]
[1493]
[15]
[15]
[411]
[1213]
[15]
[15]
[]
[409]
[15]
[]
[15]
[15]
[15]
[15]
[15]
[1480]
[]
[15]
[15]
[1497]
[15]
[15]
[1463]
[]
[1510]
[1506]
[1478]
[]
[154]
[15]
[15]
[15]
[363]
[]
[1484]
[363]
[15]
[15]
[15]
[1463]
[15]
[1510]
[15]
[1486]
[]
[15]
[15]
[1461]
[]
[15]
[1483]
[15]
[15]
[]
[15]
[15]
[6, 4, 2]
[1483]
[15]
[15]
[1480]
[1499]
[15]
[15]
[15]
[15]
[1511]
[1508]
[1475]
[15]
[15]
[1461]
[15]
[1501]
[]
[15]
[1489]
[6, 3]
[]
[15]
[15]
[1493]
[15]
[]
[15]
[15]
[95]
[411]
[15]
[3, 2]
[1495]
[15]
[15]
[1497]
[1476]
[1480]
[]
[15]
[15]
[1480]
[1494]
[1456]
[15]
[15]
[374]
[7, 4, 3, 12]
[15]
[95]
[15]
[]
[1495]
[226]
[]
[15]
[15]
[15]
[]
[15]
[237]
[15]
[]
[15]
[1467]
[1506]
[]
[15]
[15]
[15]
[1481]
[15]
[15]
[15]
[15]
[15]
[1455]
[15]
[15]
[15]
[15]
[1488]
[1512]
[]
[1493]
[]
[1493]
[1493]
[1476]
[408]
[101]
[15]
[1496]
[15]
[15]
[]
[15]
[]
[1500]
[15]
[15]
[1514]
[1489]
[15]
[1460]
[15]
[1507]
[363]
[]
[1499]
[1511]
[]
[]
[15]
[411]
[1485]
[15]
[15]
[15]
[1466]
[15]
[1445]
[1462]
[3, 15]
[15]
[]
[15]
[15]
[15]
[1486]
[]
[15]
[15]
[15]
[228]
[15]
[4, 6, 11, 3]
[]
[411]
[275]
[15]
[]
[1445]
[15]
[]
[]
[15]
[]
[]
[15]
[]
[1486]
[8, 4, 11]
[1472]
[1489]
[15]
[1497]
[15]
[1483]
[1496]
[1491]
[15]
[]
[15]
[45]
[15]
[15]
[15]
[15]
[15]
[15]
[15]
[15]
[15]
[15]
[15]
[15]
[1476]
[15]
[]
[1476]
[]
[1493]
[1485]
[363]
[15]
[]
[322]
[1463]
[]
[15]
[8, 10, 4]
[15]
[1478]
[15]
[15]
[15]
[]
[3, 7]
[1482]
[15]
[1490]
[15]
[15]
[15]
[15]
[15]
[1487]
[15]
[1491]
[330]
[15]
[1502]
[15]
[15]
[15]
[15]
[]
[15]
[15]
[15]
[15]
[]
[15]
[15]
[1504]
[15]
[1464]
[15]
[15]
[1497]
[15]
[15]
[15]
[15]
[15]
[]
[]
[]
[]
[15]
[15]
[15]
[15]
[15]
[15]
[15]
[15]
[15]
[1477]
[4, 3, 6]
[95]
[]
[15]
[1477]
[]
[15]
[15]
[15]
[15]
[15]
[1474]
[15]
[15]
[15]
[1501]
[]
[15]
[1472]
[1497]
[154]
[1484]
[1489]
[]
[]
[1481]
[15]
[15]
[1493]
[1493]
[1470]
[]
[]
[1472]
[600]
[365]
[154]
[363]
[]
[15]
[]
[1499]
[15]
[67]
[]
[15]
[15]
[]
[15]
[45]
[15]
[1481]
[1469]
[15]
[15]
[374]
[15]
[15]
[1495]
[15]
[15]
[15]
[15]
[]
[1506]
[]
[15]
[15]
[15]
[15]
[1505]
[15]
[15]
[]
[15]
[15]
[1498]
[]
[15]
[15]
[]
[15]
[15]
[]
[1501]
[]
[]
[15]
[15]
[15]
[1510]
[1465]
[]
[1478]
[1471]
[1477]
[1492]
[1502]
[1467]
[1488]
[15]
[1485]
[15]
[363]
[15]
[1506]
[1496]
[1501]
[325]
[1464]
[]
[1488]
[15]
[1507]
[3, 4, 7]
[1495]
[15]
[1486]
[1510]
[]
[15]
[764]
[15]
[]
[15]
[1473]
[15]
[386]
[490]
[15]
[154]
[]
[15]
[15]
[1510]
[]
[]
[15]
[363]
[1475]
[5, 3, 4]
[1511]
[15]
[15]
[1507]
[15]
[15]
[]
[15]
[15]
[15]
[]
[15]
[15]
[109]
[15]
[1476]
[]
[]
[15]
[15]
[]
[15]
[15]
[15]
[]
[154]
[]
[]
[15]
[1491]
[15]
[15]
[15]
[15]
[]
[15]
[15]
[]
[15]
[1507]
[]
[6, 20]
[15]
[1513]
[15]
[1502]
[]
[1484]
[15]
[]
[15]
[15]
[1487]
[1476]
[1486]
[1486]
[1474]
[15]
[45]
[15]
[105]
[1497]
[45]
[]
[15]
[15]
[365]
[1454]
[]
[1497]
[499]
[1472]
[1483]
[15]
[15]
[5, 3, 8]
[1489]
[15]
[1485]
[1464]
[15]
[1502]
[15]
[15]
[15]
[15]
[1494]
[15]
[]
[1521]
[177]
[15]
[15]
[15]
[1503]
[15]
[15]
[]
[15]
[59]
[1480]
[]
[]
[]
[]
[15]
[15]
[15]
[15]
[3, 5, 4]
[15]
[15]
[15]
[1477]
[15]
[]
[363]
[15]
[15]
[15]
[]
[1461]
[15]
[1501]
[15]
[15]
[]
[15]
[15]
[154]
[15]
[]
[15]
[1495]
[7, 4, 3, 12]
[15]
[15]
[]
[]
[15]
[15]
[]
[15]
[15]
[15]
[15]
[15]
[15]
[15]
[411]
[15]
[15]
[1499]
[1499]
[1500]
[15]
[15]
[15]
[95]
[1503]
[]
[]
[15]
[1451]
[499]
[15]
[15]
[15]
[15]
[]
[45]
[15]
[15]
[1499]
[15]
[6, 2, 7, 6]
[15]
[1483]
[1462]
[282]
[15]
[]
[]
[1483]
[1493]
[15]
[]
[15]
[1492]
[1458]
[15]
[15]
[350]
[15]
[177]
[15]
[]
[15]
[1470]
[15]
[1511]
[1481]
[15]
[15]
[]
[1481]
[1510]
[15]
[15]
[15]
[]
[15]
[]
[15]
[]
[15]
[1474]
[15]
[15]
[1485]
[]
[15]
[]
[363]
[]
[1487]
[]
[15]
[15]
[15]
[1476]
[15]
[411]
[15]
[]
[]
[15]
[1464]
[1501]
[15]
[411]
[15]
[15]
[]
[]
[15]
[1521]
[15]
[15]
[]
[15]
[]
[15]
[1520]
[]
[15]
[1490]
[]
[]
[15]
[15]
[15]
[1507]
[15]
[]
[]
[]
[]
[15]
[]
[15]
[15]
[15]
[15]
[15]
[15]
[]
[15]
[]
[499]
[]
[15]
[15]
[15]
[]
[]
[15]
[15]
[15]
[]
[15]
[15]
[]
[15]
[]
[15]
[15]
[15]
[1507]
[709]
[6, 8, 6, 1598, 8, 115, 1, 6, 8]
[13, 4]
[15]
[1521]
[15]
[15]
[15]
[15]
[15]
[1495]
[15]
[15]
[45]
[15]
[]
[]
[]
[15]
[]
[1476]
[15]
[15]
[]
[15]
[45]
[1490]
[15]
[1491]
[]
[15]
[15]
[15]
[264]
[]
[15]
[1481]
[1509]
[15]
[15]
[15]
[15]
[15]
[1514]
[]
[]
[15]
[1478]
[15]
[1490]
[15]
[]
[1498]
[]
[15]
[15]
[15]
[15]
[1490]
[]
[15]
[]
[15]
[1501]
[]
[15]
[15]
[15]
[15]
[15]
[15]
[15]
[15]
[]
[1480]
[15]
[]
[1511]
[15]
[15]
[412]
[15]
[154]
[15]
[15]
[15]
[1509]
[15]
[1501]
[1891]
[1490]
[]
[1496]
[15]
[1496]
[1494]
[]
[15]
[15]
[1537]
[1499]
[15]
[15]
[408]
[45]
[1479]
[15]
[15]
[1500]
[2, 3, 4]
[15]
[15]
[163]
[15]
[1490]
[15]
[1463]
[]
[1488]
[15]
[1508]
[]
[1460]
[15]
[409]
[15]
[]
[15]
[1476]
[15]
[]
[45]
[1483]
[15]
[95]
[1503]
[15]
[15]
[15]
[15]
[1501]
[1498]
[411]
[1473]
[1490]
[]
[]
[15]
[]
[15]
[]
[1494]
[15]
[1502]
[15]
[15]
[15]
[15]
[]
[15]
[]
[]
[15]
[15]
[15]
[15]
[15]
[]
[15]
[15]
[15]
[15]
[15]
[1492]
[15]
[]
[]
[95]
[15]
[15]
[15]
[15]
[15]
[1461]
[15]
[15]
[1464]
[15]
[15]
[15]
[308]
[408]
[15]
[]
[]
[154]
[1485]
[15]
[15]
[15]
[1480]
[15]
[]
[]
[490]
[15]
[]
[1513]
[15]
[]
[45]
[15]
[15]
[15]
[15]
[1473]
[411]
[1511]
[15]
[1447]
[15]
[15]
[15]
[15]
[15]
[390]
[599]
[]
[15]
[15]
[]
[15]
[]
[15]
[1485]
[]
[15]
[177]
[15]
[15]
[1466]
[15]
[]
[411]
[1496]
[15]
[15]
[]
[]
[15]
[15]
[15]
[1479]
[]
[1498]
[]
[15]
[15]
[15]
[15]
[]
[1503]
[1497]
[1478]
[]
[]
[154]
[15]
[]
[15]
[]
[15]
[1473]
[15]
[]
[15]
[15]
[1484]
[15]
[489]
[1444]
[1506]
[15]
[95]
[1489]
[15]
[15]
[]
[15]
[15]
[15]
[]
[15]
[]
[1472]
[]
[]
[15]
[411]
[1499]
[1491]
[15]
[]
[15]
[15]
[1500]
[1485]
[15]
[1504]
[15]
[15]
[1497]
[15]
[]
[6, 7, 9, 3]
[]
[1468]
[1468]
[1495]
[15]
[15]
[15]
[]
[15]
[]
[15]
[1472]
[1501]
[15]
[45]
[15]
[154]
[15]
[1508]
[15]
[]
[1510]
[1482]
[15]
[]
[1496]
[15]
[15]
[15]
[15]
[15]
[1498]
[1477]
[15]
[1476]
[1462]
[15]
[45]
[15]
[15]
[15]
[]
[]
[]
[15]
[15]
[1454]
[15]
[15]
[]
[15]
[15]
[1482]
[15]
[15]
[15]
[15]
[]
[1496]
[15]
[15]
[15]
[1456]
[422]
[15]
[]
[15]
[15]
[]
[15]
[15]
[15]
[1484]
[1465]
[]
[]
[15]
[1501]
[375]
[]
[15]
[15]
[]
[15]
[]
[177]
[15]
[15]
[15]
[15]
[1478]
[411]
[]
[1508]
[]
[15]
[15]
[15]
[15]
[15]
[15]
[1486]
[]
[]
[15]
[15]
[15]
[]
[1460]
[15]
[1495]
[6, 1, 8, 141, 1, 1, 6, 8, 11, 36, 1, 571, 1, 6, 36, 8, 4]
[1493]
[15]
[15]
[1479]
[]
[15]
[15]
[]
[]
[15]
[]
[1494]
[15]
[15]
[1496]
[1499]
[15]
[15]
[15]
[15]
[1500]
[15]
[15]
[15]
[15]
[1501]
[1490]
[545]
[15]
[15]
[15]
[8, 4, 8]
[6, 2, 6, 6]
[15]
[15]
[15]
[15]
[15]
[]
[]
[15]
[15]
[]
[1470]
[]
[15]
[1481]
[15]
[15]
[]
[15]
[15]
[1517]
[]
[15]
[15]
[15]
[15]
[15]
[15]
[15]
[1509]
[15]
[1483]
[]
[15]
[15]
[1459]
[15]
[15]
[15]
[15]
[]
[15]
[363]
[15]
[]
[]
[]
[1491]
[15]
[15]
[15]
[]
[1503]
[1510]
[15]
[15]
[411]
[15]
[15]
[15]
[15]
[]
