[]
[9, 2, 3, 6, 4, 5, 288, 3, 1, 19]
[9, 9, 6, 287, 5, 3, 19]
[4, 6, 3, 283, 6, 1, 5, 3, 19]
[4, 19, 5, 6, 3, 334, 5, 3, 1, 11]
[9, 2, 3, 6, 332, 4, 5, 3, 5, 19]
[4, 6, 6, 334, 5, 3, 1, 19]
[9, 3, 334, 6, 4, 4, 5, 3, 3, 19]
[2, 1, 332, 19, 3, 5, 3, 3, 5]
[2, 9, 3, 334, 6, 5, 4, 5, 3, 19]
[331, 19, 10, 6, 6, 5, 3, 1, 3]
[9, 2, 6, 4, 5, 3, 1073, 19]
[4, 6, 3, 6, 1062, 1, 5, 3, 19]
[9, 2, 3, 293, 6, 4, 5, 3, 5, 19]
[6, 302, 14, 4, 5, 3, 19]
[6, 14, 4, 5, 303, 3, 19]
[4, 19, 2, 6, 3, 305, 5, 3, 1, 11]
[4, 305, 3, 11, 6, 5, 3, 1, 19]
[4, 6, 3, 6, 301, 5, 2, 3, 19]
[306, 1, 4, 1, 2, 5, 7, 19, 17]
[4, 19, 6, 3, 301, 5, 2, 3, 5, 11]
[4, 3, 11, 6, 5, 5, 3, 301, 19]
[4, 3, 302, 11, 6, 5, 5, 3, 19]
[4, 2, 3, 6, 302, 10, 5, 5, 3, 19]
[4, 19, 6, 3, 302, 5, 3, 5, 11]
[301, 4, 3, 5, 11, 6, 5, 3, 19]
[7, 7, 7, 7, 7, 7, 7, 45, 7, 7, 7, 7, 7, 7, 7, 7, 7, 7, 1, 7, 7]
[3, 59, 6, 6, 30, 48, 4]
[3, 48, 25, 6, 26, 4]
[3, 42, 3, 6, 48, 4]
[3, 22, 48, 30, 1, 4]
[3, 30, 15, 48, 4]
[3, 30, 15, 48, 4]
[3, 59, 6, 4, 6, 30, 48]
[3, 49, 6, 6, 30, 48, 4]
[3, 6, 92, 30, 48, 1]
[46, 6, 27, 1, 48, 4]
[48, 6, 30, 6, 26, 4]
[6, 15, 17, 48, 30, 4]
[36, 6, 6, 48, 30, 4]
[3, 6, 1, 48, 30, 64, 4]
[3, 6, 48, 30, 88, 1]
[6, 15, 65, 30, 48, 4]
[29, 6, 48, 29, 6, 4]
[6, 48, 29, 1, 44, 4]
[3, 1, 24, 28, 4]
[1, 1, 25, 24, 1]
[1, 24, 1, 25, 1]
[1, 1, 24, 30, 1]
[3, 1, 29, 24, 4]
[1, 24, 42, 1]
[1, 24, 1, 42]
[3, 1, 30, 24, 4]
[3, 1, 30, 24, 4]
[1, 1, 30, 24, 1]
[3, 1, 30, 24, 4]
[3, 1, 30, 24, 4]
[1, 24, 1, 24, 5, 30, 1]
[1, 24, 1, 24, 5, 30, 1]
[1, 24, 24, 1, 5, 30, 1]
[1, 24, 1, 30, 15, 24]
[1, 24, 1, 24, 5, 30]
[1, 14, 1, 24, 30, 24, 1]
[3, 24, 30, 24, 4]
[3, 4, 1, 48, 395, 24, 4, 30, 24, 1]
[4, 1, 24, 4, 30, 24, 1]
[3, 1, 48, 395, 1, 24, 4, 30, 1]
[3, 1, 24, 30, 4]
[1, 1, 24, 4, 30, 1]
[3, 4, 1, 454, 24, 4, 30, 24, 1]
[1, 1, 24, 4, 24, 30, 1]
[3, 1, 48, 24, 24, 4, 467, 30, 13, 1]
[3, 24, 1, 24, 30, 4]
[3, 4, 48, 383, 24, 24, 4, 30, 1]
[3, 1, 48, 24, 1, 4, 467, 30, 24, 1]
[3, 4, 48, 383, 24, 4, 24, 30, 1]
[3, 1, 24, 24, 30, 13, 1]
[1, 1, 24, 1, 24, 30, 4]
[3, 24, 4, 30, 13, 1]
[1, 24, 14, 24, 1, 30, 1]
[3, 24, 24, 30, 4]
[3, 4, 1, 24, 4, 30, 1]
[3, 4, 1, 48, 395, 24, 4, 30, 24, 1]
[4, 1, 24, 4, 30, 24, 1]
[3, 1, 48, 4, 30, 13, 1]
[3, 4, 1, 24, 48, 30, 4]
[48, 1, 24, 1, 30, 1]
[3, 4, 1, 48, 24, 30, 4]
[3, 1, 24, 48, 30, 13, 4]
[24, 1, 7, 1, 30, 1]
[24, 3, 4, 1, 30, 4, 48]
[24, 1, 48, 4, 30, 8, 13, 1]
[17, 1, 24, 1, 30, 1]
[3, 48, 4, 30, 1, 65]
[3, 20, 46, 30, 48, 4]
[3, 48, 64, 1, 30, 1, 4]
[3, 69, 6, 30, 1, 4, 48]
[3, 69, 6, 30, 1, 48, 4]
[91, 48, 1, 30, 1, 4]
[20, 48, 82, 30, 1, 4]
[25, 20, 48, 1, 29, 4]
[29, 48, 54, 1, 1, 4]
[25, 48, 20, 33, 1, 4]
[48, 25, 57, 6, 1, 4]
[1, 4, 1, 25, 52, 48]
[48, 43, 30, 1, 1, 4]
[10, 48, 20, 42, 1, 4]
[34, 30, 20, 1, 4, 48]
[48, 29, 6, 1, 49, 4]
[48, 25, 6, 1, 47, 4]
[34, 42, 6, 1, 48, 4]
[4, 829, 6, 6, 1, 5, 3, 19]
[4, 6, 1064, 6, 1, 5, 3, 19]
[4, 3, 515, 1, 6, 15, 5, 3, 5, 19]
[4, 547, 3, 6, 5, 5, 3, 19]
[4, 6, 286, 6, 5, 3, 1, 19]
[4, 335, 6, 10, 5, 3, 5, 1, 19]
[4, 5, 11, 6, 334, 5, 3, 1, 19]
[4, 2, 334, 6, 10, 5, 5, 3, 1, 19]
[4, 19, 5, 2, 6, 334, 5, 3, 1, 11]
[321, 5, 4, 5, 5, 14, 3, 1]
[301, 4, 3, 5, 11, 6, 5, 3, 19]
[5, 4, 5, 5, 14, 384, 3, 1]
[4, 11, 304, 6, 5, 5, 3, 1, 19]
[1, 8, 5, 2, 7, 23, 304, 16]
[4, 6, 3, 6, 1, 292, 5, 3, 19]
[4, 291, 6, 3, 1, 6, 5, 3, 19]
[4, 3, 6, 10, 337, 5, 3, 1, 19]
[4, 2, 3, 337, 6, 10, 5, 3, 1, 19]
[4, 6, 3, 1, 6, 5, 332, 3, 19]
[4, 6, 3, 6, 5, 332, 3, 1, 19]
[336, 4, 3, 6, 10, 5, 3, 1, 19]
[4, 6, 6, 1, 294, 5, 3, 19]
[314, 6, 4, 5, 5, 14, 3, 1]
[4, 331, 5, 19, 6, 3, 1, 5, 3, 11]
[9, 3, 6, 333, 4, 5, 3, 5, 1, 19]
[333, 20, 1, 8, 2, 5, 7, 1, 16]
[9, 2, 4, 6, 3, 326, 4, 5, 3, 19]
[9, 2, 4, 6, 3, 4, 5, 3, 326, 19]
[324, 4, 3, 6, 5, 10, 5, 3, 19]
[4, 3, 11, 6, 5, 3, 324, 5, 19]
[4, 3, 1, 6, 348, 15, 5, 3, 19]
[2, 12, 11, 5, 331, 3, 17, 1]
[4, 19, 2, 6, 3, 5, 3, 337, 1, 11]
[4, 3, 336, 11, 6, 5, 3, 1, 19]
[4, 337, 3, 11, 6, 5, 3, 1, 19]
[5, 4, 3, 11, 6, 5, 332, 3, 1, 19]
[4, 3, 6, 10, 5, 5, 332, 3, 1, 19]
[4, 3, 332, 11, 6, 5, 3, 5, 1, 19]
[4, 1, 6, 15, 5, 3, 5, 346, 19]
[4, 6, 15, 5, 5, 335, 3, 1, 19]
[4, 19, 2, 335, 5, 6, 5, 3, 1, 11]
[4, 6, 3, 6, 5, 293, 3, 19]
[9, 9, 6, 5, 3, 876, 19]
[9, 9, 6, 5, 3, 970, 19]
[1064, 6, 14, 4, 5, 3, 19]
[9, 9, 6, 5, 3, 1071, 19]
[9, 9, 6, 5, 3, 1071, 19]
[9, 9, 6, 5, 3, 1071, 19]
[4, 6, 3, 6, 688, 5, 3, 19]
[4, 6, 3, 6, 782, 5, 3, 19]
[4, 3, 1060, 6, 15, 5, 3, 19]
[4, 6, 3, 6, 1, 1061, 5, 3, 19]
[4, 6, 1091, 6, 5, 3, 19]
[4, 6, 3, 6, 1, 1061, 5, 3, 19]
[4, 6, 6, 1, 5, 365, 3, 19]
[18]
[75]
[57]
[37]
[61]
[175]
[92]
[3, 46, 3]
[50, 3, 3]
[57, 3, 3]
[98, 3, 3]
[42, 3, 3]
[3, 3, 61]
[32, 7, 3]
[37, 7, 3]
[62, 7, 3]
[7, 25, 3]
[7, 33, 3]
[7, 57, 3]
[210, 7, 3]
[17, 7, 3]
[34, 3, 7]
[64, 7, 3]
[68, 7, 3]
[48, 7, 3]
[7, 24, 3]
[3, 12, 4]
[17, 2]
[37]
[707]
[555]
[200]
[303]
[75]
[16]
[568]
[596]
[1155]
[1115]
[1339]
[48, 4]
[157]
[163]
[26]
[20]
[176]
[112]
[172]
[213]
[118]
[192]
[118]
[17, 8]
[24]
[163]
[8, 14]
[23]
[2, 8, 52]
[20, 2]
[8, 14]
[3, 13]
[57, 1]
[3, 22]
[1, 37, 1, 2]
[2, 3, 12]
[12, 2, 3]
[1, 2, 14]
[1, 2, 30]
[3, 8]
[3, 12]
[14]
[1, 2, 10]
[12]
[38]
[56]
[59]
[24, 23]
[42, 24]
[29, 24]
[24, 30]
[24, 30]
[29, 24]
[24, 25]
[25, 24]
[27, 24]
[25, 24]
[30, 24]
[24, 29]
[24, 25]
[24, 25]
[24, 30]
[29, 24]
[25, 24]
[30, 24]
[42, 24]
[30, 24]
[29, 24]
[25, 24]
[30, 24]
[24, 29]
[42, 24]
[42, 24]
[29, 24]
[23, 24]
[30, 24]
[25, 24]
[25, 24]
[42, 24]
[24, 42]
[25, 24]
[24, 42]
[24, 42]
[24, 29]
[25, 24]
[24, 30]
[42, 24]
[24, 42]
[24, 29]
[25, 24]
[30, 24]
[24, 25]
[30, 24]
[28, 24]
[28, 24]
[28, 24]
[30, 24]
[30, 24]
[24, 30]
[24, 30]
[24, 28]
[24, 30]
[30, 24]
[28, 24]
[24, 30]
[30, 24]
[24, 30]
[24, 30]
[24, 30]
[24, 30]
[24, 27]
[75]
[29]
[30]
[41]
[44]
[1, 14, 320, 4, 1]
[335, 1, 14, 4, 2]
[1, 4, 1, 2, 302]
[1, 320, 4, 1, 2]
[1, 291, 8, 4, 1]
[300, 1, 8, 4, 1]
[1, 8, 312, 4, 1]
[1, 8, 4, 319, 2]
[1, 8, 2, 300, 1]
[1, 8, 330, 2, 1]
[290, 1, 8, 2, 4]
[1, 8, 2, 299, 4]
[318, 8, 2, 4, 1]
[8, 2, 4, 1, 319]
[8, 291, 2, 4]
[305, 1, 2, 4, 1]
[1, 312, 2, 4]
[1, 2, 4, 320]
[4, 38]
[4, 38]
[1, 275]
[1, 14, 6]
[1, 6, 2, 956]
[1, 1208, 6, 2]
[1, 401, 2]
[1, 2, 737]
[1, 2, 934]
[1, 277, 2]
[1, 2, 1005]
[1, 1341, 2]
[131, 6, 2]
[6, 1152, 2]
[6, 2, 1349]
[147, 6, 2]
[6, 1084, 2]
[6, 2, 1224]
[6, 2, 412]
[6, 2, 1280]
[1364, 6, 2]
[39, 3]
[38, 3]
[3, 225]
[583, 3]
[56, 1]
[725, 1]
[57, 1]
[7, 39]
[7, 23]
[156, 6]
[4, 4, 2, 10]
[2, 4, 12, 2]
[3, 1, 11]
[15, 7]
[3, 3, 6, 53]
[3, 306]
[3, 50]
[3, 16]
[51]
[164]
[50]
[59]
[191]
[4, 39]
[21, 4]
[16, 4]
[58, 8]
[8, 18]
[2, 15, 10]
[7, 56, 10]
[7, 40]
[7, 79]
[7, 23]
[61, 6, 7]
[3, 2, 46, 2]
[16, 38]
[38, 55]
[32]
[13]
[17]
[31]
[208]
[52]
[35]
[8, 18]
[199]
[25]
[63]
[194]
[24]
[39]
[6, 26]
[12, 5, 6, 1]
[12, 5, 6, 1]
[5, 14, 6, 1]
[1, 6, 294]
[294, 5, 1]
[1, 5, 210]
[1, 5, 165]
[1, 167, 5]
[5, 6, 296, 1]
[6, 31]
[6, 66]
[6, 28]
[261, 5]
[103, 5]
[88, 5]
[5, 64]
[125, 5]
[124, 5]
[86, 5]
[95, 5]
[216, 5]
[223, 5]
[96, 5]
[119, 5]
[118, 5]
[110, 5]
[95, 5]
[102, 5]
[5, 77]
[109, 5]
[46, 5]
[218, 5]
[117, 5]
[120, 5]
[83, 5]
[100, 5]
[61, 5]
[114, 5]
[105, 5]
[92, 5]
[285, 5]
[36, 5]
[106, 5]
[212, 5]
[217, 5]
[5, 259]
[226, 5]
[161, 5]
[146]
[27]
[84]
[371]
[125]
[415]
[307]
[16]
[474]
[698]
[33]
[17]
[12]
[16]
[55]
[21]
[31]
[2, 158]
[1, 17, 57]
[3, 2, 10]
[174, 12]
[12, 66]
[202, 12]
[22, 12]
[3, 101]
[3, 82]
[3, 87]
[3, 2, 160]
[3, 2, 282, 4]
[322, 2, 3, 1]
[3, 2, 1, 59]
[3, 2, 360, 1]
[3, 2, 1, 819]
[1524, 2, 3, 1]
[288, 2, 3, 3]
[3, 2, 5, 297]
[2, 5, 288, 3]
[3, 2, 301, 3]
[2, 56, 2, 3]
[298, 2, 5, 3]
[2, 5, 3, 1014]
[2, 126, 3, 5]
[173, 4, 2, 3]
[2, 263, 3, 4]
[3, 2, 5, 441]
[2, 3, 490, 3]
[3, 2, 537, 4]
[535, 2, 3, 3]
[4, 2, 678, 3]
[1007, 2, 5, 3]
[4, 2, 1146, 3]
[2, 1289, 3, 5]
[1383, 2, 5, 3]
[1475, 2, 3, 3]
[1522, 2, 3, 3]
[2, 3, 330, 1]
[291, 2, 5, 2]
[331, 3, 4, 2]
[2, 544, 5, 1]
[441, 2, 5, 1]
[2, 725, 5, 1]
[3, 4, 3, 329]
[322]
[216]
[353]
[37]
[112]
[331, 1]
[4, 441]
[33, 2]
[39, 2]
[2, 36, 1]
[4, 35, 4]
[4, 4, 22]
[36]
[56]
[1, 5, 4]
[13]
[20]
[5, 12]
[20, 1]
[12, 1]
[1, 40]
[2, 26]
[6, 1, 41]
[16, 2]
[2, 35]
[16, 2]
[2, 38]
[160, 1]
[17, 1]
[1, 20]
[1, 17]
[17, 1]
[160, 1]
[11, 1]
[2, 12]
[2, 16]
[5, 13, 4]
[41]
[59]
[6]
[21]
[17]
[160]
[13, 5]
[13, 5]
[5, 156]
[5, 13]
[5, 13]
[199, 1]
[187, 1]
[257, 1]
[251, 1]
[219, 1]
[209, 1]
[191, 1]
[215, 1]
[217, 1]
[90, 1]
[5, 9]
[17]
[13]
[4, 11]
[3, 25]
[19]
[4, 14]
[112, 4]
[108]
[46]
[537]
[582]
[1099]
[29]
[225]
[65]
[36]
[157]
[53]
[443]
[958]
[1101]
[355]
[2, 177]
[290, 2]
[2, 299]
[81, 2]
[2, 958]
[997, 1]
[1465]
[44]
[35]
[27]
[32]
[1, 180, 3]
[2, 169, 3]
[137, 3]
[589, 3]
[844, 3]
[289, 3]
[171, 3]
[261, 3]
[398, 3]
[1007, 3]
[1289, 3]
[1430, 3]
[5, 12, 1, 3]
[322, 3, 1, 5]
[322, 5, 1]
[13, 5, 3]
[328, 5, 3]
[1, 283, 3]
[1, 332, 3]
[1, 732, 3]
[1, 1524, 3]
[5, 298, 3]
[3, 591, 5]
[5, 126, 3]
[5, 488, 3]
[5, 488, 3]
[5, 582, 3]
[629, 5, 3]
[817, 5, 3]
[911, 5, 3]
[913, 5, 3]
[5, 1146, 3]
[5, 1193, 3]
[5, 1289, 3]
[5, 1430, 3]
[283, 3, 5]
[5, 283, 3]
[1, 1108, 5]
[1, 535, 5]
[1, 1054, 5]
[1, 1146, 5]
[1, 1148, 5]
[1, 3, 307, 5]
[81, 5, 2, 3]
[5, 2, 584, 3]
[629, 3, 2, 5]
[5, 1054, 2, 3]
[5, 2, 1240, 3]
[1336, 5, 2, 3]
[5, 298, 1, 3]
[1, 144, 4, 3]
[1, 193, 4, 3]
[1, 389, 4, 3]
[4, 387, 1, 3]
[1, 3, 126, 5]
[3, 5, 1, 12]
[12, 3, 5, 1]
[3, 5, 20]
[1, 3, 345]
[1, 3, 1251]
[1, 3, 1390]
[1, 3, 1486]
[1, 3, 283]
[3, 5, 1355]
[3, 5, 499]
[3, 1202, 5]
[3, 83, 5]
[398, 3, 5]
[535, 3, 5]
[3, 5, 1148]
[1, 5, 1261]
[1, 5, 650]
[1, 1202, 5]
[1, 3, 5, 1073]
[1, 3, 5, 979]
[1, 3, 5, 791]
[1, 450, 3, 5]
[1, 3, 1014, 5]
[1, 3, 1439, 5]
[3, 1301, 4, 1]
[1463]
[1201, 3]
[3, 537]
[1, 291]
[537, 3]
[3, 588]
[690, 3]
[629, 3]
[1, 3, 12, 5]
[3, 5, 282, 1]
[3, 5, 9]
[3, 17, 1]
[3, 282, 2]
[292, 3, 2]
[3, 678, 5]
[3, 770, 5]
[3, 5, 819]
[3, 5, 1146]
[3, 1195, 5]
[3, 5, 1334]
[1524, 3, 5]
[1, 5, 331]
[291, 2, 5]
[5, 3, 307, 1]
[2, 301, 3, 1]
[2, 3, 1, 333]
[3, 128, 5, 1]
[3, 678, 5, 1]
[5, 3, 723, 1]
[913, 3, 5, 1]
[5, 1383, 3, 1]
[5, 2, 330, 1]
[292, 3, 2, 1]
[3, 2, 83, 5]
[2, 3, 353, 5]
[5, 3, 2, 537]
[5, 3, 2, 631]
[2, 3, 676, 5]
[5, 770, 2, 3]
[3, 2, 1146, 5]
[1336, 5, 3, 2]
[5, 1383, 3, 2]
[5, 2, 3, 1430]
[299, 2, 2, 4]
[5, 2, 1, 331]
[285, 3, 2, 4]
[5, 3, 290, 1]
[3, 326, 2, 4]
[3, 180]
[191, 3]
[1, 283, 3]
[1, 291]
[1, 283]
[3, 1098]
[1149, 3]
[1, 283]
[3, 288]
[723, 3, 1]
[353, 3, 1]
[3, 697, 1]
[1254, 3, 1]
[3, 318, 1]
[3, 1, 967]
[3, 1, 497]
[405, 3, 1]
[3, 171, 1]
[3, 1287, 1]
[3, 1084, 1]
[732, 1]
[544, 1]
[1101, 1]
[1, 953]
[1, 297]
[3, 1650, 1]
[3, 919, 1]
[198, 3, 1]
[157, 3, 1]
[306, 3, 1]
[3, 353, 1]
[3, 441, 1]
[3, 864, 1]
[3, 1, 740]
[1039, 3, 1]
[3, 297]
[322, 1, 3]
[3, 676]
[3, 239]
[535, 3]
[3, 1051]
[3, 1268]
[3, 1440]
[3, 126]
[128, 3]
[306, 3]
[3, 1289]
[2, 1569]
[3, 1571]
[3, 189]
[566, 3]
[3, 291]
[169, 3, 4, 1]
[3, 282, 5]
[5, 3, 282]
[288, 3, 5]
[328, 5, 3]
[3, 1, 332]
[173, 3, 5]
[5, 3, 171]
[5, 3, 218]
[5, 3, 353]
[3, 396, 5]
[535, 3, 5]
[5, 3, 537]
[5, 3, 631]
[3, 725, 5]
[3, 772, 5]
[3, 772, 5]
[960, 3, 5]
[5, 3, 1005]
[5, 1007, 3]
[5, 3, 1005]
[1054, 3, 5]
[5, 3, 1146]
[1193, 3, 5]
[3, 5, 1195]
[1336, 3, 5]
[5, 3, 1477]
[5, 3, 1477]
[283, 3, 5]
[291, 5, 1]
[5, 15, 1]
[19, 2, 3]
[329, 3]
[242, 3]
[678, 3]
[725, 3]
[1099, 3]
[1242, 3]
[1381, 3]
[2, 11, 3]
[5, 126, 3]
[5, 3, 443]
[22]
[13]
[10, 3, 3, 31, 4]
[10, 3, 31, 4, 3]
[10, 3, 3, 4, 35]
[3, 4, 10, 11]
[54, 3, 4, 10]
[22]
[17]
[22]
[13]
[14]
[16]
[21]
[49]
[75]
[76]
[96]
[26]
[36]
[70]
[22, 60, 41]
[67, 22, 42]
[11, 29, 55]
[44, 12, 37]
[44, 12, 37]
[55, 17, 31]
[38, 20, 67]
[75, 37, 47]
[41, 20, 57]
[19, 37, 51]
[42, 58, 21]
[27]
[213]
[72]
[14]
[9]
[16]
[75]
[100]
[489]
[362]
[418]
[474]
[9]
[209]
[21]
[49, 26]
[16]
[76]
[76, 1]
[16]
[39]
[37]
[87, 1]
[85]
[29, 60]
[48]
[37]
[26]
[45]
[41]
[16]
[197]
[15]
[53]
[68]
[80]
[34]
[95]
[28]
[17]
[31]
[31]
[22]
[17]
[1, 146, 1, 2]
[1, 1, 52, 2]
[1, 21, 1, 1, 2]
[1, 21, 1, 1, 2]
[1, 1, 16, 1, 2]
[1, 53, 1, 1]
[1, 1, 1, 53]
[54]
[15]
[17]
[17]
[1, 2, 17, 2]
[12]
[12]
[2, 18, 2]
[1, 2, 28]
[1, 2, 8, 2]
[2, 1, 3, 3, 20]
[2, 1, 3, 3, 20]
[2, 31, 1, 3, 3]
[2, 3, 3, 18]
[14]
[4, 8, 2, 1]
[4, 12, 2, 1]
[1, 4, 2, 42]
[1, 4, 2, 42]
[4, 2, 1, 21]
[4, 2, 1, 51]
[4, 38, 1]
[2, 2, 2, 17]
[2, 2, 2, 12]
[28, 2, 2, 2]
[2, 2, 28]
[5, 1, 12]
[1, 42, 5]
[8, 1, 5]
[153, 1, 5]
[37, 5]
[17, 1, 5]
[6, 12, 1]
[17, 6, 1]
[27, 1, 5]
[12, 1, 5]
[28, 6, 1]
[1, 8, 5]
[7, 28]
[7, 120]
[382, 7]
[578, 7]
[261, 7]
[27, 7]
[22]
[32, 7]
[7, 179]
[24, 6, 1, 5]
[6, 5, 24, 1]
[8]
[1, 12, 18, 5]
[56]
[30]
[36]
[33]
[52]
[68]
[65]
[67]
[37]
[58]
[65]
[165]
[701]
[8, 45, 1, 12, 1]
[8, 1, 12, 50, 1]
[8, 1, 42, 12, 1]
[8, 48, 1, 11, 1]
[75, 8]
[50, 11, 8]
[75, 11, 8]
[56, 11, 8]
[56]
[52]
[22]
[315]
[651]
[359]
[331]
[387]
[34]
[511]
[200]
[52]
[106]
[256]
[489]
[685]
[231]
[181]
[309]
[505]
[809]
[343]
[175]
[667]
[100]
[387]
[623]
[415]
[499]
[583]
[26]
[26]
[13]
[225]
[387]
[26]
[75]
[52]
[20]
[387]
[499]
[234]
[651]
[250]
[611]
[18]
[427]
[595]
[275]
[611]
[371, 7]
[415, 7]
[499, 7]
[7, 527]
[19, 1]
[18]
[335]
[104]
[671]
[19]
[19]
[19]
[545]
[645]
[231]
[13]
[3, 337, 3]
[3, 81, 3]
[365, 3, 3]
[3, 5, 393]
[3, 5, 58]
[3, 7, 22]
[3, 7, 585]
[3, 7, 725]
[305, 3, 7]
[3, 7, 254]
[3, 154, 7]
[3, 7, 18, 3]
[3, 202, 7, 3]
[3, 5, 7, 44]
[3, 5, 7, 202]
[3, 5, 7, 252]
[23]
[20]
[28]
[293]
[449]
[729]
[181]
[256]
[15]
[13]
[555]
[303]
[359]
[14]
[292]
[59]
[399]
[623]
[100]
[287]
[371]
[275]
[27]
[184]
[499]
[415]
[52]
[28]
[250]
[471]
[415]
[150]
[415]
[639]
[225]
[483, 7]
[7, 55]
[1, 65]
[421, 1]
[3, 7, 360]
[2, 24, 3, 7]
[28]
[41]
[76]
[41]
[78]
[52]
[71]
[24]
[19]
[27]
[32]
[22]
[17]
[1, 59]
[1, 93]
[49, 1]
[117, 1]
[92, 1]
[41, 1]
[4, 49, 5]
[4, 41, 5]
[20, 4, 5]
[15, 4, 5]
[4, 46, 5]
[4, 66, 5]
[66, 4, 5]
[5, 4, 86]
[19]
[103]
[278]
[418]
[28]
[9]
[184]
[315]
[275]
[359]
[32]
[22]
[46, 3, 3]
[32]
[22]
[3, 30]
[3, 1, 29]
[3, 3, 2, 31]
[3, 3, 2, 16]
[3, 15]
[3, 20]
[3, 11]
[32]
[22]
[8, 3, 9, 15]
[3, 12, 3, 9, 8]
[234, 3, 2, 4]
[4, 67, 2, 3]
[58, 3, 2, 4]
[33, 3, 2, 4]
[88, 3, 2, 4]
[88, 3, 2, 4]
[28, 3, 2, 4]
[3, 4, 67, 2]
[3, 4, 2, 59]
[61, 4, 2, 3]
[34, 4, 2, 3]
[3, 4, 43, 2]
[3, 4, 23, 2]
[18, 3, 3, 2]
[3, 3, 26, 2]
[3, 3, 2, 17]
[3, 3, 80, 2]
[39, 3, 3, 2]
[4, 3, 172, 3]
[23, 3, 3, 4]
[3, 3, 15, 4]
[36, 3, 3, 4]
[28, 3, 3, 4]
[4, 3, 3, 253]
[3, 3, 24, 4]
[3, 3, 93, 4]
[20, 2, 3, 4]
[3, 3, 12]
[29, 3]
[13, 3, 3]
[10, 3, 4, 3]
[15, 2, 3, 4]
[3, 11]
[3, 29]
[32]
[154]
[17]
[22]
[11, 6, 46]
[4, 11, 18]
[12, 6, 11, 4]
[11, 6, 12, 4]
[4, 11, 23]
[12, 6, 11, 4]
[17]
[12, 6, 11]
[33, 4]
[4, 33]
[6, 23, 4]
[6, 38, 4]
[4, 11, 23]
[17]
[6, 28, 4]
[39, 6, 4]
[4, 2, 18, 2, 1]
[4, 2, 29, 2, 1]
[4, 28, 2, 2, 1]
[32]
[32]
[25]
[3, 35]
[3, 262]
[40]
[21]
[10, 4, 115, 25, 10]
[10, 115, 10, 58, 4]
[19, 10, 9, 4, 104]
[3, 10, 104, 58, 9]
[4, 4, 614, 78, 10]
[4, 4, 78, 178, 10]
[4, 55, 4, 78, 10]
[3, 23, 9, 4, 104]
[4, 4, 4, 22, 78]
[4, 115, 10, 4, 31]
[28, 4, 4, 1]
[481, 4, 4, 1]
[4, 4, 537, 1]
[13, 111, 4, 1]
[690, 13, 4, 1]
[236, 13, 4, 1]
[398, 13, 4, 1]
[13, 4, 1, 706]
[12, 403, 4, 12, 1]
[655, 12, 4, 12, 1]
[4, 171, 1, 12]
[315, 4, 1, 12]
[4, 483, 1, 12]
[12, 447, 4, 13, 1]
[25, 4, 1, 12]
[146, 4, 1, 12]
[439, 4, 1, 12]
[315, 4, 1, 12]
[12, 79, 11, 4, 1]
[11, 4, 25, 1]
[4, 4, 13, 11]
[10, 8, 9]
[14, 6, 5]
[56]
[24, 56]
[24, 56]
[56, 24]
[56, 24]
[56, 24]
[56, 24]
[24, 56]
[24, 56]
[59, 24]
[24, 59]
[24, 59]
[24, 59]
[24, 59]
[56, 24, 24]
[56, 24, 24]
[24, 24, 56]
[24, 59, 24]
[24, 29, 24]
[24, 30, 24]
[24, 24, 28]
[24, 24, 30]
[24, 38]
[56, 24]
[56, 24]
[56, 24]
[56, 24]
[59, 24]
[24, 59]
[115]
[24, 30, 24, 24]
[56, 24, 24, 24]
[59, 24, 24, 24]
[24, 24, 120, 24]
[27, 24, 24, 24]
[24, 28, 24, 24]
[24, 29, 24, 24]
[30, 24, 24, 24]
[24, 24, 24, 42]
[24, 24, 29, 24]
[24, 25, 24, 24]
[24, 24, 24, 30]
[24, 24, 24, 25]
[24, 25, 24, 24]
[24, 29, 24, 24]
[24, 26, 24, 24]
[24, 40, 24, 24]
[24, 24, 24, 21]
[24, 24, 30, 24]
[28, 24, 24, 24]
[30, 24, 24, 24]
[24, 30, 24, 24]
[24, 30, 24, 24]
[24, 24, 24, 30]
[24, 30, 24, 24]
[28, 24, 24, 24]
[24, 54, 24, 24]
[24, 118, 24, 24]
[24, 24, 24, 129]
[42, 24, 24, 24]
[42, 24, 24, 24]
[30, 24, 24, 24]
[30, 24, 24, 24]
[24, 24, 127, 24]
[43, 24, 24, 24]
[24, 52, 24, 24]
[24, 38, 24, 24]
[24, 39, 24, 24]
[37, 24, 24, 24]
[24, 24, 24, 118]
[115, 24, 24, 24]
[37, 24, 24, 24]
[38, 3]
[72, 3]
[22, 7]
[218, 7]
[90, 7]
[7, 94]
[32]
[22]
[13]
[32]
[32]
[31]
[32]
[33]
[17]
[13]
[33]
[22]
[17]
[17]
[17]
[17]
[17]
[33]
[22]
[32]
[17]
[31]
[17]
[31]
[33]
[31]
[32]
[31]
[32]
[22]
[32]
[17]
[22]
[17]
[22]
[31]
[32]
[17]
[22]
[22]
[32]
[17]
[32]
[13]
[195]
[193]
[213]
[31]
[52]
[51]
[87]
[241]
[27]
[57]
[26]
[46]
[16]
[33]
[37]
[25]
[41]
[66]
[32]
[17]
[32]
[32]
[22]
[331]
[13]
[36]
[191]
[155]
[197]
[221]
[27]
[194]
[258]
[204]
[43]
[73]
[137]
[206]
[196]
[205]
[113]
[117]
[142]
[163]
[50]
[16]
[13]
[13]
[32]
[19]
[61]
[22]
[6, 4, 5, 18, 1]
[54, 5]
[5, 54]
[17, 42]
[30]
[2, 1, 510]
[1, 2, 91]
[216, 1, 2]
[365, 2, 1]
[2, 1, 106]
[2, 393, 1]
[421, 2, 1]
[1, 2, 589]
[36, 6]
[36]
[27]
[499]
[157]
[418]
[586]
[175]
[225]
[555]
[192]
[249]
[27]
[50]
[65]
[2, 1, 17, 1]
[30, 5, 1, 1]
[36]
[18]
[375]
[683]
[447]
[643]
[32]
[17]
[2, 4, 1, 17]
[4, 14, 1]
[4, 2, 18, 2, 1]
[1, 4, 2, 28]
[147, 4, 2, 1]
[4, 2, 42, 2, 1]
[32]
[2, 28, 4, 1]
[2, 13, 4, 1]
[1, 2, 4, 17]
[16]
[17, 1]
[27, 1]
[1, 17]
[1, 17]
[36, 23]
[7, 2, 2, 19]
[155]
[7, 2, 21, 2]
[7, 2, 10, 7]
[23]
[151]
[584]
[556]
[125]
[65]
[337]
[533]
[617]
[421]
[533]
[4, 30, 1]
[4, 2, 28]
[1, 12, 2]
[29, 2, 1]
[32]
[32]
[32]
[31]
[32]
[17]
[28]
[33]
[32]
[6, 15, 2, 5, 1]
[6, 157, 7, 5, 1]
[2, 6, 7, 5]
[18]
[189]
[255]
[420]
[616]
[644]
[40]
[155]
[32]
[13]
[17]
[17]
[17]
[499]
[33, 4]
[5, 29]
[8, 59]
[159, 8]
[50, 4]
[4, 20]
[20, 4]
[41]
[259]
[45]
[29]
[32]
[79]
[3, 26, 4]
[3, 38, 4]
[3, 32, 4]
[3, 37, 4]
[3, 24, 4]
[3, 7, 37]
[3, 7, 62]
[3, 7, 38]
[3, 7, 44]
[3, 7, 73]
[3, 7, 89]
[7, 62, 4]
[7, 56, 4]
[7, 201, 4]
[7, 37, 4]
[7, 21, 4]
[20, 7, 4]
[3, 89, 4]
[4, 3, 71]
[3, 250, 4]
[3, 214, 4]
[3, 52, 4]
[4, 3, 37]
[4, 3, 66]
[4, 3, 41]
[3, 7, 172]
[3, 7, 58]
[7, 3, 80]
[27, 3, 7]
[3, 7, 48]
[3, 7, 60]
[43, 3, 7]
[7, 3, 63]
[4, 7, 64]
[4, 7, 48]
[4, 7, 72]
[4, 7, 34]
[69, 4, 7]
[4, 7, 26]
[4, 7, 27]
[3, 202, 4]
[3, 46, 4]
[3, 37, 4]
[3, 39, 4]
[3, 26, 4]
[3, 206, 7]
[3, 7, 51]
[3, 7, 68]
[3, 7, 49]
[3, 89, 7]
[7, 4, 234]
[7, 69, 4]
[68, 7, 4]
[37, 7, 4]
[7, 99, 4]
[7, 33, 4]
[4]
[18]
[22]
[292]
[105]
[616]
[644]
[17]
[21]
[15]
[145]
[2, 2, 16]
[3, 21, 2]
[2, 3, 20]
[14, 2, 4]
[12, 2, 4, 2]
[14, 1, 3]
[15]
[12]
[30]
[21]
[187]
[103]
[153]
[614]
[474]
[17]
[514]
[682]
[334]
[28]
[23, 3]
[17]
[17]
[15]
[21]
[21]
[19]
[178]
[76]
[81]
[189]
[162]
[15]
[19]
[28]
[45]
[60]
[21]
[198]
[63]
[26]
[20]
[21]
[15]
[21]
[160]
[131]
[38]
[15]
[49]
[20]
[15]
[19]
[19]
[25]
[15]
[21]
[15]
[8]
[319]
[21]
[13]
[201]
[54]
[66]
[39]
[26]
[37]
[7]
[13]
[62]
[19]
[15]
[19]
[17]
[26]
[19]
[15]
[25]
[25]
[20]
[20]
[36]
[61]
[41]
[38]
[63]
[72]
[15]
[52]
[25]
[25]
[21]
[21]
[21]
[15]
[19]
[15]
[21]
[15]
[21]
[26]
[24]
[18]
[24]
[14]
[24]
[6, 18, 4]
[4, 58, 4]
[50]
[278]
[18]
[62, 58, 5, 4, 7, 1, 2]
[185, 23, 1, 64, 2]
[196, 23, 1, 64, 2]
[23, 1, 64, 212, 2]
[23, 1, 64, 25, 2]
[23, 1, 219, 64, 2]
[9]
[387]
[8, 32, 7]
[31, 8, 7]
[53, 8, 7]
[28, 8, 7]
[8, 205, 7]
[8, 32, 7]
[32, 8, 7]
[8, 24, 7]
[3, 7, 40]
[3, 7, 96]
[33, 3, 7]
[3, 52, 7]
[3, 8, 26, 7]
[3, 8, 76, 7]
[3, 8, 189, 7]
[3, 8, 215, 7]
[3, 8, 41, 7]
[56, 3, 8, 7]
[3, 8, 61]
[83, 3, 8]
[3, 8, 27]
[3, 8, 30]
[3, 8, 29]
[3, 8, 66]
[18]
[315]
[100]
[387]
[37]
[645]
[13]
[200]
[723]
[106]
[231]
[13]
[555]
[22]
[415]
[415]
[9]
[679]
[611]
[13]
[100]
[471]
[37, 7]
[443, 7]
[527, 7]
[639, 7]
[125, 7]
[164]
[27]
[499]
[723]
[200]
[29]
[331]
[639]
[14]
[539]
[420]
[13]
[399]
[455]
[483]
[303]
[100]
[499]
[30]
[34]
[259]
[75]
[100]
[415]
[150]
[38]
[390]
[446]
[726]
[27]
[723]
[13]
[100]
[11, 1]
[22, 1]
[17, 1]
[334]
[362]
[670]
[78]
[4, 303]
[56]
[56]
[13]
[3, 43]
[4, 2]
[14, 4]
[986, 4]
[1237, 4]
[357, 4]
[1393, 4]
[56, 4]
[2, 16]
[427, 2]
[2, 456]
[2, 1211]
[2, 1379]
[2, 751]
[2, 1255]
[331, 2]
[2, 723]
[61]
[7, 3, 18, 24]
[3, 16, 18]
[7, 3, 46]
[7, 3, 12, 18]
[7, 1, 16]
[31, 49, 7]
[7, 30, 7]
[7, 19, 7]
[3, 7, 19, 7, 6]
[30, 7]
[49, 7, 1, 29]
[3, 7, 7, 30, 6]
[7, 28, 3, 7]
[49, 29, 1, 7]
[7, 27, 1]
[3, 27, 7]
[3, 7, 76]
[65, 3, 7, 1]
[76, 3, 7, 1]
[49, 3, 22]
[49, 3, 23]
[32, 49, 3, 1]
[49, 33, 3]
[49, 3, 7, 27]
[49, 17, 3, 7]
[7, 3, 16]
[7, 3, 16]
[23, 3, 7]
[33, 3, 1]
[3, 1, 31]
[7, 7, 3, 19]
[7, 3, 30, 7]
[7, 3, 29, 7]
[3, 31, 7]
[3, 7, 34, 6]
[30, 3, 7, 7, 6]
[3, 16, 7]
[3, 7, 33]
[7, 18]
[20, 7]
[12, 3]
[3, 34]
[3, 1, 23]
[3, 1, 34]
[3, 1, 32]
[7, 3, 1, 29]
[2, 251]
[3, 19, 3]
[3, 7, 15]
[21]
[20]
[27]
[36]
[29, 52, 1]
[28, 52, 1]
[52, 26, 1]
[26, 1, 52]
[52, 27, 1]
[1, 49, 29]
[65, 1]
[49, 27, 1]
[49, 26, 1]
[1, 16]
[18, 52, 1]
[78, 1]
[52, 16]
[27, 52]
[49, 36]
[11, 65]
[11, 77]
[24]
[76]
[76]
[16]
[16]
[78]
[65]
[76]
[74]
[75]
[18, 49, 1]
[26, 49, 1]
[49, 27, 1]
[25, 49, 1]
[49, 1, 17]
[49, 24, 1]
[12, 49, 1]
[30]
[4, 3, 16]
[4, 3, 24]
[38]
[3, 11, 16]
[37]
[38]
[35]
[3, 38]
[3, 38]
[11, 29]
[11, 30]
[28, 11]
[29, 11]
[36]
[49, 36]
[12, 11]
[13, 11]
[16]
[100]
[2, 9, 12]
[1, 21, 5]
[1, 5, 12, 9]
[1, 5, 52, 9]
[1, 13, 9]
[173]
[75]
[24]
[69]
[200]
[42]
[40]
[95]
[21]
[42]
[171]
[40]
[66]
[31]
[15]
[371]
[303]
[337]
[645]
[17]
[433]
[181]
[617]
[13]
[13]
[24]
[449]
[9]
[159]
[695]
[667]
[15]
[28]
[58]
[22]
[177]
[125]
[89]
[152]
[28]
[511]
[567]
[623]
[415]
[527]
[225]
[359]
[7, 27]
[7, 28]
[59, 7]
[3, 23]
[931, 3]
[3, 946]
[45, 18]
[317]
[961]
[432]
[475]
[727]
[1399]
[923]
[1119]
[57, 6]
[4, 16]
[4, 29]
[4, 234]
[415, 4]
[501]
[613]
[5, 21]
[9, 37]
[9, 102]
[9, 37]
[9, 57]
[36]
[612]
[31]
[56]
[185]
[28]
[32]
[41]
[77]
[252]
[42]
[67]
[99]
[82]
[33]
[66]
[157]
[93, 7]
[67, 7]
[72, 7]
[6, 33]
[213, 6]
[41, 6]
[6, 36]
[43, 6]
[6, 39]
[242]
[1157]
[1185]
[19]
[19]
[332]
[808]
[19]
[19]
[11]
[146]
[411]
[14]
[774]
[1016]
[378]
[19, 4]
[16]
[9]
[11, 2]
[1, 16]
[109]
[17]
[19]
[27]
[26]
[234]
[427]
[359]
[109]
[242]
[25]
[58]
[33]
[211]
[75]
[27]
[33]
[28]
[2, 624]
[537, 2]
[2, 363]
[2, 1464]
[391, 2]
[2, 898]
[2, 838]
[2, 637]
[2, 606]
[2, 318]
[208, 2]
[127, 2]
[975, 2]
[33]
[3, 337]
[322]
[1031]
[915]
[1256]
[1082]
[850]
[1399]
[463]
[1505]
[68]
[98]
[488]
[160]
[21]
[91, 3]
[60, 3]
[54, 3]
[5, 455]
[5, 791]
[750, 5]
[5, 778]
[5, 1142]
[5, 1226]
[5, 610]
[5, 806]
[5, 1422]
[5, 59]
[5, 92]
[18]
[18]
[19]
[372]
[1100]
[1353]
[19]
[19]
[19]
[388]
[892]
[33]
[161]
[29]
[23]
[73]
[113]
[338]
[358]
[57]
[102]
[48]
[23]
[87]
[47]
[52]
[62]
[59]
[60]
[27]
[45]
[47]
[102]
[67]
[44]
[5, 15]
[5, 15]
[5, 509]
[5, 958]
[1377, 5]
[5, 16]
[16, 5]
[16, 5]
[16, 5]
[469, 5]
[581, 5]
[44, 5]
[1017]
[1296]
[584]
[1032]
[1200]
[48]
[60]
[16]
[46]
[21]
[178]
[51]
[448]
[43]
[42]
[22]
[358]
[36]
[433]
[498]
[61]
[977]
[900]
[3, 160]
[186, 3]
[3, 372]
[3, 457]
[3, 709]
[3, 1353]
[3, 388]
[3, 1312]
[668, 3]
[2, 18]
[2, 18]
[2, 236]
[2, 289]
[2, 569]
[2, 19]
[2, 584]
[2, 724]
[2, 1228]
[46]
[56]
[209, 5]
[259, 5]
[623, 5]
[415, 5]
[5, 443]
[2, 19]
[11, 9, 9, 52]
[16]
[40]
[2, 5, 10]
[22]
[17]
[2, 32]
[17]
[17]
[33]
[1, 30]
[13]
[303]
[25]
[337]
[19]
[215]
[701]
[1, 1, 9, 4, 1]
[1, 9, 1, 4, 1, 1]
[1, 1, 4, 1, 13, 1]
[9]
[30]
[33, 4]
[17]
[196]
[100]
[74]
[200]
[80]
[76]
[151]
[226]
[388]
[696]
[28]
[27]
[16]
[159]
[175]
[275]
[150]
[225]
[14]
[134]
[75]
[723]
[162]
[61]
[371]
[387]
[527]
[455]
[3, 54, 48]
[186]
[28, 3, 2, 1]
[1, 29, 2, 3]
[1, 3, 1, 14]
[1, 2, 2, 4]
[16, 2]
[32]
[32]
[35]
[1, 3, 2, 6, 2, 5, 1, 7]
[1, 12, 3, 2, 6, 2, 5, 1]
[7, 47]
[7, 483]
[7, 387]
[1, 19]
[164, 1]
[164, 1]
[685, 1]
[131, 1]
[22]
[16]
[161]
[18]
[25]
[55]
[73]
[191]
[34]
[28]
[16]
[40]
[19]
[26]
[34]
[36]
[34]
[38]
[50]
[60]
[23]
[215]
[79]
[16]
[290]
[103]
[334]
[502]
[55]
[12]
[18]
[18]
[18]
[26]
[56]
[29]
[12]
[18]
[22]
[50]
[28]
[62]
[20]
[18]
[16]
[18]
[12]
[35]
[16]
[55]
[18]
[46]
[47]
[56]
[14]
[14]
[25]
[13]
[16]
[13]
[12]
[17]
[12]
[16]
[18]
[159]
[159]
[16]
[55]
[56]
[24]
[20]
[16]
[17]
[16]
[17]
[17]
[17]
[59]
[18]
[18]
[18]
[12]
[18]
[23]
[16]
[12]
[16]
[16]
[17]
[191]
[198]
[209]
[26]
[18]
[12]
[359]
[329]
[106]
[37]
[78]
[17]
[12]
[16]
[23]
[6, 13]
[16, 4]
[13]
[13]
[205]
[50]
[42]
[42]
[60]
[65]
[81]
[29]
[40]
[45]
[96]
[109]
[64]
[44]
[53]
[48]
[26]
[32]
[20]
[28]
[184]
[679]
[415]
[527]
[164]
[331]
[17]
[275]
[447]
[209]
[75]
[427]
[1, 182]
[393, 1]
[75, 1]
[30, 8, 104]
[27, 8, 104]
[25, 1]
[10, 17]
[7, 7, 27, 10, 14, 8, 70]
[7, 7, 73, 14, 10, 8, 17]
[7, 14, 8, 6, 19, 18, 5]
[7, 14, 24, 8, 6, 18, 5]
[7, 14, 8, 6, 14, 18, 5]
[7, 14, 8, 6, 14, 18, 5]
[7, 14, 32, 6, 14, 18, 5]
[14, 31, 8, 6, 14, 18, 5]
[14, 30, 8, 6, 14, 18, 5]
[7, 7, 73, 14, 10, 14, 8]
[7, 7, 73, 14, 14, 8, 20]
[19, 7, 7, 14, 10, 14, 8]
[7, 7, 73, 14, 10, 14, 8]
[7, 7, 73, 14, 10, 14, 8]
[7, 14, 7, 14, 8, 70, 23]
[14, 7, 26, 10, 14, 8, 70]
[7, 7, 73, 14, 32, 10, 8]
[7, 32, 8, 6, 14, 18, 5]
[34, 1]
[16, 18]
[33, 1]
[26, 7, 2]
[3, 7, 18]
[7, 2, 28]
[7, 2, 19]
[4, 19, 273, 6, 3, 5, 3, 5, 11]
[4, 6, 453, 5, 1, 10, 5, 3, 19]
[4, 6, 6, 1198, 5, 3, 19]
[4, 6, 6, 1198, 5, 3, 19]
[4, 3, 6, 5, 10, 5, 782, 3, 19]
[4, 3, 6, 10, 5, 3, 1065, 19]
[4, 3, 1060, 6, 15, 5, 3, 19]
[9, 2, 3, 6, 4, 5, 3, 1065, 19]
[4, 3, 6, 10, 5, 3, 1065, 19]
[4, 3, 1060, 6, 15, 5, 3, 19]
[547, 10, 6, 6, 5, 3, 3, 19]
[5, 399, 5, 5, 14, 4, 3, 1]
[85]
[68, 25, 8]
[68, 8, 30]
[28, 68, 8]
[68, 34, 8]
[4, 19, 594, 5, 6, 3, 5, 3, 1, 11]
[4, 19, 594, 6, 3, 5, 3, 5, 11]
[4, 3, 6, 5, 333, 5, 3, 19]
[4, 19, 6, 3, 5, 285, 3, 5, 11]
[4, 3, 284, 11, 6, 5, 5, 3, 19]
[4, 9, 2, 3, 735, 6, 4, 5, 3, 19]
[4, 6, 923, 6, 1, 5, 3, 19]
[4, 6, 1091, 6, 5, 3, 19]
[4, 6, 1091, 6, 5, 3, 19]
[4, 6, 6, 5, 1092, 3, 19]
[4, 6, 6, 1, 295, 5, 3, 19]
[4, 3, 6, 10, 5, 5, 3, 303, 1, 19]
[4, 6, 3, 6, 1, 5, 3, 1152, 19]
[4, 6, 3, 1151, 6, 1, 5, 3, 19]
[224, 29, 503, 224]
[224, 503, 30, 224]
[224, 42, 224, 503]
[224, 35, 224, 503]
[295, 4, 19, 6, 5, 3, 5, 1, 11]
[4, 6, 3, 6, 1, 287, 5, 3, 19]
[4, 294, 6, 10, 5, 3, 5, 1, 19]
[4, 6, 3, 6, 5, 284, 3, 19]
[4, 6, 3, 284, 6, 5, 3, 19]
[9, 3, 2, 3, 332, 6, 4, 5, 3, 19]
[4, 3, 6, 1, 5, 5, 332, 3, 19]
[4, 6, 3, 6, 1, 5, 331, 3, 19]
[4, 6, 3, 6, 5, 331, 3, 1, 19]
[4, 3, 292, 6, 15, 5, 5, 3, 19]
[2, 1, 19, 3, 293, 5, 3, 3, 5]
[4, 6, 1, 6, 5, 3, 295, 19]
[4, 6, 6, 294, 1, 5, 3, 19]
[4, 6, 3, 6, 838, 5, 3, 19]
[4, 6, 6, 5, 3, 1198, 19]
[4, 6, 1199, 6, 5, 3, 19]
[4, 6, 3, 6, 1, 1061, 5, 3, 19]
[4, 6, 3, 6, 1, 1061, 5, 3, 19]
[4, 3, 1, 6, 15, 5, 3, 5, 243, 19]
[9, 2, 3, 453, 6, 4, 4, 5, 3, 19]
[9, 2, 3, 6, 297, 4, 5, 3, 1, 19]
[4, 3, 11, 6, 5, 3, 296, 1, 19]
[4, 6, 3, 333, 6, 5, 3, 19]
[4, 6, 3, 6, 1, 5, 707, 3, 19]
[4, 3, 1, 6, 1049, 15, 5, 3, 19]
[4, 6, 363, 3, 6, 1, 5, 3, 19]
[1057, 9, 2, 3, 6, 4, 5, 3, 1, 19]
[1064, 6, 14, 4, 5, 3, 19]
[9, 9, 6, 5, 3, 1071, 19]
[6, 14, 4, 5, 1067, 3, 19]
[6, 1070, 14, 4, 5, 3, 19]
[9, 9, 6, 5, 1067, 3, 19]
[9, 2, 3, 1055, 6, 4, 5, 3, 1, 19]
[4, 6, 6, 1, 5, 3, 1191, 19]
[4, 6, 6, 5, 3, 1198, 19]
[4, 3, 1049, 1, 6, 15, 5, 3, 19]
[4, 3, 1049, 1, 6, 15, 5, 3, 19]
[5, 4, 19, 735, 2, 6, 3, 5, 3, 11]
[4, 3, 6, 782, 10, 5, 5, 3, 19]
[4, 3, 11, 6, 782, 5, 5, 3, 19]
[4, 829, 3, 6, 10, 5, 3, 5, 19]
[4, 3, 923, 6, 5, 15, 5, 3, 19]
[4, 3, 923, 6, 10, 5, 5, 3, 19]
[4, 3, 11, 6, 5, 5, 3, 970, 19]
[4, 19, 1059, 6, 3, 5, 3, 1, 11]
[9, 2, 3, 1063, 6, 4, 5, 3, 19]
[4, 19, 1063, 6, 3, 5, 3, 11]
[4, 3, 1063, 6, 10, 5, 3, 19]
[9, 2, 3, 6, 1064, 5, 4, 3, 19]
[4, 19, 6, 3, 1061, 5, 3, 11]
[4, 3, 11, 6, 5, 3, 1065, 19]
[4, 3, 6, 10, 5, 1067, 3, 19]
[4, 3, 11, 6, 5, 3, 1065, 19]
[19, 6, 6, 4, 5, 3, 1071, 3]
[4, 3, 6, 10, 5, 3, 1062, 19]
[19, 6, 6, 4, 5, 3, 1072, 3]
[4, 19, 6, 3, 1064, 5, 3, 11]
[4, 3, 11, 6, 5, 3, 1062, 19]
[4, 19, 2, 6, 3, 5, 3, 1062, 11]
[4, 3, 1063, 6, 11, 5, 3, 19]
[4, 19, 1059, 6, 3, 5, 3, 1, 11]
[4, 19, 6, 3, 1061, 5, 3, 11]
[4, 6, 15, 5, 3, 1076, 19]
[68, 29, 8]
[25, 68, 8]
[4, 737, 3, 6, 1, 10, 5, 3, 19]
[4, 3, 6, 10, 1, 5, 3, 1056, 19]
[9, 2, 3, 1055, 6, 4, 5, 3, 1, 19]
[9, 19, 9, 6, 4, 5, 3, 829]
[4, 1064, 3, 6, 5, 5, 3, 19]
[4, 6, 3, 535, 6, 1, 5, 3, 19]
[4, 6, 3, 6, 1, 5, 3, 965, 19]
[9, 2, 3, 6, 4, 5, 3, 1055, 1, 19]
[4, 3, 6, 1057, 1, 10, 5, 3, 19]
[4, 6, 6, 1, 5, 3, 1192, 19]
[4, 3, 1049, 1, 6, 15, 5, 3, 19]
[4, 6, 3, 6, 467, 5, 3, 19]
[4, 6, 3, 6, 537, 5, 3, 19]
[4, 6, 3, 6, 1, 5, 3, 1052, 19]
[4, 6, 6, 1, 5, 3, 1191, 19]
[4, 6, 6, 1, 5, 3, 793, 19]
[4, 6, 6, 1, 879, 5, 3, 19]
[4, 3, 6, 10, 1, 5, 3, 502, 19]
[4, 19, 363, 2, 5, 3, 6, 5, 3, 11]
[6, 1171, 14, 4, 5, 3, 19]
[6, 1172, 14, 4, 5, 3, 19]
[4, 3, 11, 5, 6, 408, 5, 3, 19]
[4, 6, 1089, 6, 1, 5, 3, 19]
[4, 3, 453, 6, 15, 5, 5, 3, 19]
[39, 8, 68]
[68, 8, 35]
[4, 6, 3, 1, 6, 323, 5, 3, 19]
[9, 2, 4, 6, 3, 4, 5, 3, 335, 19]
[4, 5, 303, 1, 6, 11, 5, 3, 19]
[4, 11, 6, 5, 5, 3, 303, 1, 19]
[4, 19, 1, 6, 5, 15, 5, 3, 304]
[4, 19, 5, 1, 6, 303, 5, 3, 11]
[9, 2, 3, 6, 1, 4, 5, 3, 328, 19]
[6, 14, 4, 325, 5, 3, 19]
[4, 328, 3, 6, 10, 5, 3, 1, 19]
[4, 6, 3, 6, 1, 5, 323, 3, 19]
[4, 5, 3, 6, 10, 333, 5, 3, 19]
[4, 6, 6, 1, 5, 3, 1088, 19]
[4, 6, 295, 15, 5, 5, 3, 1, 19]
[4, 1, 11, 6, 5, 3, 5, 295, 19]
[4, 326, 6, 10, 5, 5, 3, 1, 19]
[4, 6, 6, 3, 1, 292, 5, 3, 19]
[5, 4, 19, 2, 295, 6, 5, 3, 1, 11]
[4, 6, 10, 5, 3, 295, 5, 1, 19]
[4, 6, 3, 1, 301, 6, 5, 3, 19]
[4, 6, 1, 304, 6, 5, 3, 19]
[1, 4, 302, 8, 2, 5, 23, 7, 16]
[302, 6, 14, 4, 5, 3, 19]
[4, 2, 3, 6, 306, 10, 5, 3, 1, 19]
[6, 14, 4, 5, 3, 302, 19]
[6, 302, 10, 5, 3, 15, 9]
[331, 14, 4, 1, 2, 5, 7, 19, 17]
[4, 8, 322, 5, 2, 23, 7, 1, 16]
[4, 3, 6, 301, 5, 5, 3, 1, 19]
[68, 29, 8]
[4, 19, 5, 2, 6, 303, 5, 3, 1, 11]
[4, 831, 3, 6, 5, 10, 5, 3, 19]
[9, 2, 3, 6, 4, 5, 3, 1065, 19]
[4, 6, 3, 6, 408, 5, 3, 19]
[9, 2, 3, 6, 594, 4, 5, 3, 5, 19]
[4, 3, 11, 6, 301, 5, 3, 5, 1, 19]
[303, 9, 3, 6, 4, 5, 3, 5, 1, 19]
[340, 1, 14, 4, 2, 5, 7, 19, 17]
[9, 2, 3, 3, 6, 688, 4, 5, 3, 19]
[9, 2, 3, 6, 1064, 5, 4, 3, 19]
[4, 6, 3, 6, 365, 1, 5, 3, 19]
[4, 6, 3, 6, 596, 5, 3, 19]
[68, 28, 8]
[16]
[25]
[4, 19, 6, 3, 5, 3, 293, 5, 1, 11]
[4, 3, 6, 10, 293, 5, 3, 5, 19]
[4, 19, 5, 6, 3, 5, 3, 293, 11]
[9, 2, 3, 6, 293, 4, 5, 3, 5, 19]
[4, 6, 3, 6, 1, 323, 5, 3, 19]
[5, 4, 19, 285, 6, 3, 5, 3, 1, 11]
[4, 283, 5, 3, 6, 10, 5, 3, 1, 19]
[4, 291, 6, 6, 3, 1, 5, 3, 19]
[4, 19, 6, 3, 323, 5, 2, 3, 5, 11]
[4, 6, 5, 10, 1, 5, 784, 3, 19]
[4, 19, 6, 10, 1, 5, 3, 1066]
[9, 2, 1073, 6, 4, 5, 3, 19]
[4, 6, 5, 10, 1, 594, 5, 3, 19]
[4, 19, 6, 3, 6, 5, 3, 768]
[854, 4, 6, 3, 6, 5, 3, 19]
[4, 6, 3, 1164, 6, 1, 5, 3, 19]
[4, 6, 3, 1164, 6, 1, 5, 3, 19]
[68, 42, 8]
[9, 9, 6, 5, 3, 296, 19]
[6, 294, 14, 4, 5, 3, 19]
[4, 19, 6, 3, 5, 297, 3, 1, 11]
[4, 291, 6, 3, 1, 6, 5, 3, 19]
[4, 291, 6, 3, 1, 6, 5, 3, 19]
[4, 3, 296, 11, 6, 5, 3, 1, 19]
[19, 1, 10, 6, 292, 6, 5, 3, 3]
[1, 10, 6, 326, 6, 5, 3, 19]
[9, 3, 4, 325, 6, 3, 4, 5, 3, 19]
[4, 6, 3, 328, 6, 5, 3, 19]
[4, 3, 6, 283, 10, 5, 5, 3, 1, 19]
[4, 325, 19, 6, 3, 5, 3, 5, 1, 11]
[4, 19, 6, 3, 325, 5, 3, 5, 11]
[4, 3, 6, 10, 324, 5, 5, 3, 19]
[4, 3, 6, 5, 1, 10, 5, 331, 3, 19]
[4, 6, 3, 6, 5, 2, 323, 3, 19]
[1595]
[1600]
[4, 19, 5, 2, 6, 295, 5, 3, 1, 11]
[4, 1, 5, 2, 7, 23, 337, 16]
[5, 4, 19, 6, 3, 5, 3, 294, 1, 11]
[4, 19, 5, 6, 3, 5, 294, 3, 1, 11]
[4, 19, 5, 1, 6, 3, 5, 292, 3, 11]
[4, 3, 6, 10, 5, 292, 5, 3, 1, 19]
[4, 3, 6, 15, 5, 3, 313, 5, 19]
[4, 3, 6, 301, 15, 5, 5, 3, 19]
[4, 19, 5, 6, 3, 301, 5, 3, 11]
[9, 3, 6, 782, 4, 5, 3, 5, 1, 19]
[4, 6, 3, 836, 6, 1, 5, 3, 19]
[4, 6, 3, 6, 1, 5, 3, 1137, 19]
[4, 6, 1085, 10, 5, 3, 19]
[9, 6, 4, 5, 3, 1086, 19]
[9, 6, 4, 5, 3, 1086, 19]
[4, 6, 453, 3, 6, 5, 3, 19]
[19, 10, 453, 6, 6, 5, 3, 3]
[295, 4, 6, 1, 6, 5, 3, 19]
[295, 4, 6, 6, 5, 3, 1, 19]
[301, 9, 9, 6, 4, 5, 3, 19]
[1, 4, 8, 302, 5, 23, 7, 1, 16]
[6, 2, 14, 4, 5, 294, 3, 19]
[4, 6, 3, 6, 1, 5, 292, 3, 19]
[4, 6, 6, 3, 5, 3, 293, 19]
[3, 35]
[9, 16]
[9, 30]
[68, 25, 8]
[4, 1, 6, 5, 15, 286, 5, 3, 19]
[286, 4, 11, 6, 1, 5, 5, 3, 19]
[4, 6, 3, 1, 6, 292, 5, 3, 19]
[19, 1, 10, 6, 6, 292, 5, 3, 3]
[4, 3, 6, 15, 5, 3, 5, 345, 19]
[9, 2, 3, 6, 333, 4, 5, 3, 5, 19]
[4, 3, 11, 6, 333, 5, 3, 5, 19]
[4, 3, 5, 11, 6, 333, 5, 3, 19]
[6, 2, 14, 293, 4, 5, 3, 19]
[4, 3, 296, 6, 15, 5, 3, 1, 19]
[291, 19, 10, 6, 6, 5, 3, 1, 3]
[4, 6, 286, 6, 5, 2, 3, 19]
[4, 3, 6, 294, 10, 5, 5, 3, 1, 19]
[4, 291, 3, 6, 10, 5, 3, 5, 1, 19]
[4, 3, 11, 6, 292, 5, 3, 5, 1, 19]
[9, 2, 1064, 6, 4, 5, 3, 1, 19]
[4, 19, 923, 3, 6, 5, 3, 5, 11]
[4, 6, 10, 5, 3, 1074, 19]
[9, 2, 6, 4, 5, 3, 1074, 19]
[4, 1, 6, 15, 5, 562, 3, 5, 19]
[9, 547, 2, 6, 4, 5, 3, 5, 1, 19]
[4, 6, 3, 1165, 6, 1, 5, 3, 19]
[3, 42, 6, 6, 30, 48, 4]
[3, 6, 1, 47, 30, 48, 4]
[3, 6, 15, 30, 48, 43, 4]
[3, 1, 24, 24, 30, 4]
[1, 1, 24, 24, 1, 30, 7]
[3, 4, 1, 24, 48, 4, 30, 1]
[48, 1, 24, 1, 30, 1]
[3, 1, 48, 24, 4, 30, 13, 1]
[3, 1, 1, 24, 48, 4, 30, 1]
[48, 1, 24, 1, 30, 1]
[3, 57, 1, 30, 1, 48, 4]
[3, 117, 6, 26, 1, 4]
[3, 1, 27, 24, 24, 2]
[24, 3, 30, 4, 1, 41, 4, 1]
[3, 24, 4, 25, 24, 1]
[3, 14, 48, 30, 6, 1, 4]
[3, 1, 1, 1, 24, 4, 42, 20]
[3, 33, 1, 29, 1, 24, 13, 4]
[3, 48, 29, 1, 20, 1, 4]
[3, 6, 29, 10, 1, 48, 4]
[3, 40, 6, 1, 48, 4]
[24, 1, 30, 24, 1]
[3, 25, 24, 24, 4, 1]
[3, 15, 29, 48, 6, 1, 4]
[3, 4, 29, 24, 1]
[3, 24, 24, 30, 3, 1]
[3, 6, 48, 9, 30, 1, 4]
[3, 1, 34, 30, 1, 4, 24, 1]
[3, 48, 6, 5, 29, 4, 1]
[24, 1, 24, 42]
[3, 24, 30, 24, 3, 1]
[24, 30, 1, 24, 1]
[24, 42, 1, 24, 1]
[29, 24, 24, 1, 1]
[3, 27, 6, 48, 6, 4]
[3, 9, 1, 6, 48, 30, 4]
[1, 24, 24, 42]
[24, 3, 1, 40, 13, 4, 20, 1]
[3, 1, 30, 44, 1, 4, 24, 1]
[3, 2, 42, 24, 24, 1]
[24, 30, 1, 24, 1]
[1, 24, 24, 29, 1]
[3, 1, 1, 41, 24, 25, 13, 4]
[3, 42, 48, 6, 1, 4]
[3, 1, 4, 1, 29, 24, 40, 4]
[3, 1, 1, 43, 24, 4, 1, 25]
[42, 3, 48, 6, 15, 4]
[3, 24, 30, 24, 3, 1]
[24, 3, 1, 33, 29, 4, 13, 1]
[3, 24, 29, 24, 1, 2]
[3, 4, 30, 1, 41, 4, 24, 1]
[3, 6, 25, 15, 4, 48, 4]
[3, 48, 6, 13, 25, 6, 4]
[3, 29, 24, 24, 1, 2]
[3, 24, 24, 3, 30, 1]
[24, 1, 28, 24, 1]
[3, 4, 1, 29, 32, 24, 4, 1]
[3, 24, 30, 3, 24, 1]
[24, 1, 30, 1]
[3, 4, 24, 25, 24, 1]
[3, 6, 15, 48, 4, 4, 25]
[3, 25, 4, 24, 1]
[25, 3, 6, 48, 1, 4, 18]
[3, 1, 1, 24, 25, 4, 45, 1]
[1, 27, 24, 1]
[3, 4, 24, 24, 23, 1]
[3, 1, 24, 27, 4, 31, 13, 1]
[3, 4, 1, 24, 48, 4, 1, 28]
[3, 24, 28, 24, 5, 1]
[3, 10, 28, 48, 20, 1, 4]
[24, 32, 1, 24, 1]
[28, 24, 1, 24, 1]
[3, 4, 1, 24, 30, 4, 39, 1]
[3, 3, 24, 30, 1]
[3, 30, 24, 24, 3, 1]
[24, 3, 1, 1, 30, 4, 13, 20]
[24, 1, 24, 28, 1]
[30, 24, 1, 24, 1]
[3, 6, 30, 48, 15, 4]
[3, 24, 1, 30, 24, 1]
[3, 1, 30, 24, 30, 4, 13, 1]
[3, 30, 24, 1, 24, 1]
[24, 24, 1, 30, 1]
[3, 4, 1, 24, 39, 4, 30, 1]
[3, 30, 1, 1, 24, 32, 4, 1]
[3, 6, 30, 1, 7, 48, 4]
[3, 24, 3, 30, 24, 1]
[3, 6, 4, 48, 1, 30]
[24, 28, 1, 24, 1]
[3, 3, 24, 28, 24, 1]
[3, 48, 52, 1, 1, 30, 4]
[3, 51, 1, 48, 6, 6, 30, 4]
[3, 51, 1, 6, 6, 48, 30, 4]
[3, 1, 48, 6, 6, 30, 41, 4]
[3, 1, 48, 6, 6, 30, 41, 4]
[3, 1, 42, 15, 6, 30, 48, 4]
[3, 1, 32, 15, 6, 30, 48, 4]
[3, 1, 48, 42, 15, 6, 30, 4]
[3, 1, 48, 6, 80, 30, 1]
[3, 48, 1, 6, 6, 30, 75]
[48, 30, 1, 15, 6, 25, 4]
[1, 29, 31, 6, 6, 48, 4]
[3, 1, 10, 29, 6, 48, 4]
[3, 1, 15, 4, 48, 28]
[3, 1, 15, 1, 29, 48, 4]
[3, 1, 1, 42, 48, 4]
[3, 1, 6, 30, 48, 4]
[3, 2, 1, 48, 1, 30, 4]
[3, 1, 30, 15, 48, 4]
[3, 1, 30, 7, 6, 48, 4]
[3, 1, 32, 6, 48, 15, 30, 4]
[3, 1, 6, 42, 15, 30, 48, 4]
[3, 1, 32, 6, 48, 15, 30, 4]
[1, 6, 1, 33, 48, 30, 4]
[3, 46, 6, 1, 4, 30, 48, 1]
[3, 6, 1, 42, 15, 30, 48, 4]
[6, 48, 1, 1, 30, 4, 81]
[6, 66, 1, 4, 6, 30, 48]
[6, 1, 25, 1, 44, 48, 4]
[6, 1, 1, 33, 48, 30, 4]
[1, 24, 1, 30, 1]
[3, 1, 4, 24, 42, 1]
[3, 1, 1, 30, 24, 4]
[3, 1, 27, 1, 24, 4]
[1, 24, 1, 38, 1]
[3, 1, 1, 30, 24, 4]
[3, 6, 30, 1, 24, 1]
[1, 30, 1, 24, 1]
[1, 30, 1, 24, 1, 1]
[1, 1, 24, 1, 30, 1]
[1, 1, 1, 24, 1, 24, 30, 7]
[1, 24, 1, 36, 1]
[3, 1, 1, 24, 24, 30, 4]
[1, 1, 24, 1, 24, 30, 1]
[3, 1, 1, 1, 24, 30, 24, 1]
[3, 1, 1, 48, 395, 1, 1, 24, 30, 24, 4]
[3, 1, 4, 1, 48, 1, 24, 24, 349, 30, 4]
[3, 1, 1, 1, 24, 24, 30, 1]
[3, 2, 1, 1, 24, 24, 30, 4]
[3, 1, 4, 1, 48, 24, 1, 467, 30, 24, 4]
[3, 1, 4, 1, 48, 24, 1, 467, 24, 30, 4]
[3, 1, 4, 1, 48, 24, 1, 24, 467, 30, 4]
[3, 1, 24, 24, 30, 4]
[3, 1, 1, 1, 1, 24, 454, 24, 30, 4]
[3, 1, 383, 1, 24, 48, 24, 30, 13, 4]
[1, 1, 9, 24, 24, 30, 4]
[3, 1, 1, 1, 1, 24, 454, 30, 24, 4]
[1, 1, 24, 1, 30, 24, 7]
[1, 1, 1, 24, 1, 30, 20]
[3, 4, 1, 1, 24, 24, 30, 1]
[3, 1, 1, 24, 24, 30, 4]
[3, 4, 1, 1, 24, 48, 30, 4]
[4, 1, 1, 24, 48, 9, 4, 30, 1]
[48, 1, 1, 24, 1, 30]
[3, 1, 1, 1, 48, 24, 30, 4]
[48, 24, 1, 1, 1, 30, 1]
[3, 1, 1, 1, 48, 30, 24, 4]
[3, 1, 1, 1, 48, 30, 24, 4]
[3, 4, 1, 1, 48, 30, 24, 4]
[3, 1, 1, 1, 21, 48, 30, 24, 1]
[48, 1, 24, 1, 1, 30, 1]
[3, 1, 1, 24, 48, 30, 13, 4]
[4, 1, 1, 24, 48, 4, 30, 1]
[48, 1, 1, 24, 1, 30, 1]
[48, 1, 1, 24, 1, 30]
[48, 1, 1, 24, 1, 30, 1]
[3, 48, 20, 1, 30, 4, 48]
[3, 1, 57, 30, 1, 48, 4]
[3, 1, 4, 30, 1, 48, 66, 1]
[3, 48, 20, 1, 30, 1, 47, 4]
[3, 1, 92, 30, 1, 48, 1]
[3, 20, 1, 48, 30, 1, 83]
[48, 1, 1, 30, 1, 93, 4]
[48, 20, 42, 1, 12, 1, 4]
[20, 1, 48, 35, 25, 1, 4]
[1, 25, 6, 1, 49, 4, 48]
[29, 1, 41, 48, 6, 1, 4]
[1, 1, 1, 48, 36, 29, 4]
[48, 1, 1, 6, 25, 4, 39]
[1, 29, 41, 48, 6, 1, 4]
[2, 20, 48, 1, 42, 1, 4]
[48, 1, 16, 42, 6, 1, 4]
[1, 1, 4, 1, 36, 29, 48]
[20, 1, 48, 42, 12, 1, 4]
[30, 1, 30, 6, 1, 48, 4]
[23, 1, 48, 57, 6, 1, 4]
[1, 30, 28, 6, 1, 48, 4]
[37, 1, 36, 1, 1, 48, 4]
[4, 6, 3, 6, 1, 292, 5, 3, 19]
[6, 4, 5, 320, 14, 5, 3, 1]
[17, 1]
[25, 1]
[26, 1]
[17, 1]
[25, 1]
[24, 1]
[16, 1]
[192, 29, 294]
[30, 294, 192]
[30, 294, 192]
[28, 294, 192]
[192, 42, 294]
[42, 495, 192]
[65, 192, 68, 30, 8]
[192, 112, 503]
[192, 112, 495]
[495, 192, 25]
[486, 37]
[192, 294, 36]
[30, 92, 192, 192]
[92, 192, 192, 117]
[192, 29, 92, 192]
[192, 284, 42]
[42, 192, 92, 192]
[92, 192, 192, 29]
[192, 192, 92, 29]
[92, 192, 30, 192]
[30, 192, 192, 80]
[30, 192, 80, 192]
[192, 29, 272]
[30, 192, 80, 192]
[192, 42, 272]
[80, 30, 192, 192]
[192, 192, 35, 80]
[30, 192, 192, 41]
[192, 41, 192, 30]
[30, 192, 192, 41]
[192, 41, 29, 192]
[30, 192, 41, 192]
[192, 41, 192, 29]
[30, 192, 41, 192]
[192, 30, 233]
[39, 192, 41, 192]
[30, 2, 192, 192]
[117, 192, 192, 2]
[2, 192, 30, 192]
[192, 192, 30, 2]
[2, 27, 192, 192]
[192, 2, 32, 192]
[31, 192, 2, 192]
[192, 27, 194]
[38, 192, 192, 2]
[34, 192, 2, 192]
[30, 192, 170]
[192, 114, 153]
[170, 25, 192]
[170, 30, 192]
[192, 30, 153]
[192, 153, 112]
[42, 192, 125]
[25, 125, 192]
[93, 42, 224]
[125, 192, 25]
[192, 125, 25]
[29, 125, 192]
[25, 93, 224]
[30, 192, 125]
[93, 30, 224]
[262, 27, 224, 4]
[224, 262, 28, 4]
[30, 224, 495, 4]
[224, 33, 495, 4]
[4, 224, 29, 495]
[4, 224, 29, 495]
[224, 224, 28, 4, 30]
[28, 224, 4, 42, 224]
[224, 224, 28, 4, 30]
[224, 28, 4, 224, 42]
[224, 16, 224, 4, 30]
[16, 29, 4, 224, 224]
[224, 25, 224, 16, 4]
[4, 28, 224, 240]
[16, 4, 224, 224, 30]
[224, 16, 30, 4, 224]
[4, 27, 224, 240]
[30, 224, 218, 4]
[224, 218, 42, 4]
[25, 224, 218, 4]
[218, 30, 224, 4]
[201, 224, 34, 4]
[30, 179, 224, 4]
[224, 25, 179, 4]
[4, 28, 224, 179]
[224, 179, 30, 4]
[4, 179, 224, 28]
[27, 224, 179, 4]
[30, 179, 224, 4]
[27, 224, 179, 4]
[37, 179, 224, 4]
[30, 224, 138, 4]
[4, 32, 224, 138]
[26, 224, 138, 4]
[192, 38, 108]
[125, 37, 192]
[34, 192, 125]
[16, 269, 4, 12, 30]
[16, 1, 114, 4, 393]
[16, 1, 4, 30, 393]
[16, 1, 4, 8, 470, 29]
[16, 1, 4, 42, 8, 470]
[16, 1, 441, 30, 9]
[16, 1, 4, 11, 42, 488]
[27, 16, 1, 4, 11, 488]
[16, 1, 441, 30, 11]
[9, 16, 1, 29, 4, 470]
[16, 35, 1, 4, 470, 8]
[16, 1, 4, 470, 28, 9]
[16, 1, 4, 488, 42, 9]
[16, 1, 441, 28, 9]
[16, 1, 4, 117, 470, 9]
[16, 1, 4, 25, 488, 9]
[16, 1, 4, 30, 488, 9]
[16, 1, 4, 115, 488, 9]
[16, 1, 4, 34, 470, 9]
[30, 16, 1, 4, 373, 9]
[16, 1, 4, 25, 373, 9]
[16, 1, 29, 4, 371, 11]
[9, 16, 1, 4, 27, 373]
[16, 1, 4, 11, 371, 30]
[38, 16, 1, 4, 373, 9]
[35, 16, 1, 4, 371, 11]
[16, 1, 363, 4, 30, 9]
[16, 1, 4, 30, 364, 8]
[16, 1, 4, 11, 30, 361]
[9, 16, 1, 363, 4, 42]
[16, 1, 30, 4, 11, 361]
[16, 1, 4, 11, 38, 361]
[16, 1, 4, 12, 314, 42]
[16, 1, 30, 4, 317, 9]
[16, 1, 4, 317, 31, 9]
[9, 16, 1, 4, 317, 115]
[16, 1, 4, 317, 38, 9]
[16, 4, 26, 272, 9]
[16, 4, 8, 34, 273]
[16, 4, 270, 115, 11]
[16, 4, 34, 272, 9]
[4, 30, 2, 298, 1]
[2, 298, 4, 117, 1]
[2, 4, 114, 298, 1]
[37, 2, 1, 4, 296]
[29, 2, 296, 4, 1]
[2, 29, 4, 298, 1]
[2, 30, 4, 298, 1]
[1, 28, 4, 2, 296]
[2, 296, 29, 4, 1]
[2, 296, 4, 40, 1]
[2, 4, 25, 298, 1]
[40, 4, 2, 298, 1]
[4, 2, 298, 1, 29]
[2, 1, 30, 4, 296]
[42, 1, 4, 2, 296]
[2, 1, 4, 42, 296]
[2, 1, 30, 4, 296]
[2, 25, 4, 298, 1]
[1, 4, 2, 296, 40]
[1, 2, 29, 4, 296]
[1, 4, 25, 2, 296]
[2, 296, 4, 25, 1]
[2, 1, 42, 4, 296]
[2, 296, 4, 30, 1]
[2, 4, 25, 298, 1]
[29, 2, 296, 4, 1]
[25, 2, 4, 296, 1]
[25, 4, 2, 298, 1]
[1, 2, 4, 25, 296]
[296, 4, 42, 2, 1]
[2, 42, 4, 296, 1]
[29, 2, 296, 4, 1]
[25, 2, 296, 4, 1]
[1, 2, 4, 25, 296]
[2, 40, 4, 296, 1]
[2, 30, 4, 296, 1]
[1, 2, 4, 30, 296]
[2, 1, 30, 4, 296]
[1, 2, 4, 296, 30]
[2, 1, 30, 4, 296]
[2, 4, 28, 298, 1]
[4, 30, 2, 298, 1]
[2, 296, 4, 30, 1]
[2, 296, 30, 4, 1]
[2, 32, 4, 298, 1]
[27, 2, 296, 4, 1]
[2, 298, 4, 27, 1]
[2, 30, 4, 298, 1]
[1, 29, 4, 2, 296]
[385, 2, 3, 114, 1]
[42, 2, 387, 3, 1]
[2, 385, 3, 25, 1]
[2, 42, 3, 385, 1]
[2, 30, 3, 385, 1]
[2, 28, 3, 385, 1]
[2, 3, 28, 385, 1]
[2, 4, 454, 3, 30]
[2, 4, 29, 452, 3]
[30, 2, 4, 452, 3]
[2, 4, 42, 3, 497, 1]
[2, 4, 3, 497, 1, 29]
[1, 2, 4, 42, 3, 499]
[495, 2, 4, 30, 3, 1]
[2, 4, 29, 3, 497, 1]
[495, 2, 4, 3, 29, 1]
[2, 4, 27, 427, 3, 1]
[2, 4, 427, 25, 3, 1]
[2, 4, 427, 3, 29, 1]
[2, 4, 427, 3, 30, 1]
[2, 4, 427, 3, 25, 1]
[30, 2, 4, 427, 3, 1]
[495, 2, 4, 3, 30, 1]
[499, 2, 4, 29, 3, 1]
[2, 4, 3, 25, 497, 1]
[2, 4, 42, 3, 497, 1]
[2, 4, 3, 29, 497, 1]
[2, 30, 4, 3, 497, 1]
[497, 2, 4, 3, 30, 1]
[2, 4, 3, 30, 497, 1]
[2, 37, 4, 3, 497, 1]
[2, 38, 4, 3, 497, 1]
[29, 2, 4, 3, 429, 1]
[2, 4, 3, 42, 429, 1]
[2, 427, 4, 3, 29, 1]
[2, 30, 452, 4, 3]
[2, 29, 4, 3, 497, 1]
[27, 2, 4, 3, 497, 1]
[495, 2, 4, 3, 28, 1]
[112, 2, 4, 3, 497, 1]
[2, 35, 454, 4, 3]
[2, 28, 427, 4, 3, 1]
[25, 2, 427, 4, 3, 1]
[30, 2, 427, 4, 3, 1]
[40, 2, 427, 4, 3, 1]
[2, 427, 30, 4, 3, 1]
[32, 2, 4, 3, 429, 1]
[2, 387, 3, 38, 1]
[2, 25, 3, 385, 1]
[2, 3, 29, 385, 1]
[2, 25, 3, 385, 1]
[2, 385, 3, 42, 1]
[2, 3, 25, 385, 1]
[2, 30, 3, 385, 1]
[2, 4, 452, 3, 25]
[2, 29, 4, 452, 3]
[2, 4, 452, 3, 25]
[2, 4, 452, 30, 3]
[2, 4, 452, 3, 30]
[2, 29, 499, 4, 3, 1]
[2, 4, 3, 42, 497, 1]
[2, 29, 4, 3, 497, 1]
[2, 4, 3, 30, 497, 1]
[2, 4, 3, 30, 497, 1]
[2, 4, 28, 427, 3, 1]
[2, 4, 29, 427, 3, 1]
[2, 427, 4, 25, 3, 1]
[2, 4, 3, 429, 25, 1]
[2, 4, 427, 29, 3, 1]
[2, 4, 42, 427, 3, 1]
[2, 4, 427, 3, 30, 1]
[2, 4, 30, 452, 3]
[2, 42, 4, 452, 3]
[2, 454, 4, 3, 30]
[2, 29, 4, 452, 3]
[2, 4, 30, 454, 3]
[2, 499, 4, 3, 30, 1]
[2, 1, 4, 30, 3, 499]
[2, 28, 427, 4, 3, 1]
[2, 29, 4, 3, 429, 1]
[2, 29, 427, 4, 3, 1]
[2, 427, 4, 3, 29, 1]
[2, 427, 30, 4, 3, 1]
[2, 427, 4, 28, 3, 1]
[2, 454, 4, 3, 23]
[2, 454, 4, 25, 3]
[2, 25, 452, 4, 3]
[2, 452, 42, 4, 3]
[2, 4, 3, 497, 1, 30]
[2, 4, 3, 42, 497, 1]
[2, 42, 4, 3, 497, 1]
[2, 1, 4, 3, 497, 30]
[2, 499, 4, 30, 3, 1]
[2, 495, 28, 4, 3, 1]
[2, 4, 3, 33, 497, 1]
[2, 452, 4, 3, 115]
[2, 115, 452, 4, 3]
[2, 427, 4, 3, 30, 1]
[2, 427, 29, 4, 3, 1]
[2, 29, 427, 4, 3, 1]
[2, 42, 427, 4, 3, 1]
[2, 427, 25, 4, 3, 1]
[2, 25, 427, 4, 3, 1]
[2, 30, 427, 4, 3, 1]
[2, 36, 427, 4, 3, 1]
[2, 37, 385, 3, 1]
[385, 3, 25, 2, 1]
[42, 385, 3, 2, 1]
[29, 3, 2, 385, 1]
[25, 3, 2, 385, 1]
[30, 387, 3, 2, 1]
[29, 3, 2, 385, 1]
[28, 3, 2, 385, 1]
[387, 3, 2, 29, 1]
[4, 452, 3, 2, 30]
[4, 452, 29, 3, 2]
[4, 25, 452, 3, 2]
[40, 4, 452, 3, 2]
[4, 454, 3, 42, 2]
[4, 452, 3, 30, 2]
[4, 30, 452, 3, 2]
[30, 4, 3, 2, 497, 1]
[4, 29, 3, 2, 497, 1]
[495, 4, 3, 30, 2, 1]
[4, 30, 3, 2, 497, 1]
[4, 427, 25, 3, 2, 1]
[427, 4, 23, 3, 2, 1]
[4, 427, 30, 3, 2, 1]
[452, 4, 3, 25, 2]
[4, 452, 42, 3, 2]
[452, 4, 29, 3, 2]
[28, 4, 452, 3, 2]
[30, 4, 452, 3, 2]
[4, 30, 452, 3, 2]
[4, 25, 3, 2, 497, 1]
[4, 42, 3, 2, 497, 1]
[30, 4, 3, 2, 497, 1]
[499, 28, 4, 3, 2, 1]
[42, 427, 4, 3, 2, 1]
[427, 4, 3, 2, 1, 25]
[427, 4, 25, 3, 2, 1]
[427, 4, 30, 3, 2, 1]
[452, 4, 30, 3, 2]
[29, 454, 4, 3, 2]
[452, 25, 4, 3, 2]
[452, 29, 4, 3, 2]
[30, 452, 4, 3, 2]
[42, 4, 3, 2, 497, 1]
[4, 3, 30, 2, 497, 1]
[29, 4, 3, 2, 497, 1]
[1, 4, 3, 37, 2, 499]
[454, 115, 4, 3, 2]
[29, 427, 4, 3, 2, 1]
[29, 427, 4, 3, 2, 1]
[427, 30, 4, 3, 2, 1]
[42, 427, 4, 3, 2, 1]
[427, 29, 4, 3, 2, 1]
[4, 3, 340, 25, 1]
[30, 4, 3, 340, 1]
[4, 42, 3, 340, 1]
[28, 4, 3, 340, 1]
[29, 4, 3, 340, 1]
[1, 4, 3, 340, 42]
[42, 4, 3, 340, 1]
[4, 3, 340, 29, 1]
[4, 30, 3, 340, 1]
[42, 4, 3, 340, 1]
[30, 4, 3, 340, 1]
[25, 4, 3, 340, 1]
[42, 4, 3, 340, 1]
[4, 3, 340, 25, 1]
[25, 4, 3, 340, 1]
[4, 3, 340, 27, 1]
[4, 3, 340, 30, 1]
[29, 4, 3, 340, 1]
[27, 342, 4, 3, 1]
[4, 3, 27, 342, 1]
[4, 3, 340, 26, 1]
[30, 4, 3, 340, 1]
[385, 2, 3, 40, 1]
[25, 385, 2, 3, 1]
[25, 2, 4, 452, 3]
[2, 4, 25, 3, 497, 1]
[2, 4, 30, 3, 497, 1]
[2, 4, 25, 3, 497, 1]
[2, 4, 3, 30, 497, 1]
[30, 2, 4, 3, 497, 1]
[2, 4, 3, 429, 25, 1]
[2, 4, 29, 427, 3, 1]
[2, 4, 3, 429, 1, 42]
[2, 4, 427, 42, 3, 1]
[427, 2, 4, 30, 3, 1]
[30, 2, 4, 427, 3, 1]
[42, 2, 454, 4, 3]
[28, 2, 4, 452, 3]
[2, 4, 42, 3, 497, 1]
[2, 30, 4, 3, 497, 1]
[2, 4, 29, 3, 497, 1]
[2, 4, 3, 42, 497, 1]
[1, 2, 427, 4, 3, 30]
[2, 30, 427, 4, 3, 1]
[2, 427, 4, 25, 3, 1]
[2, 427, 4, 3, 29, 1]
[2, 427, 4, 29, 3, 1]
[29, 2, 4, 3, 429, 1]
[2, 25, 427, 4, 3, 1]
[2, 452, 4, 30, 3]
[29, 2, 452, 4, 3]
[2, 452, 4, 25, 3]
[2, 23, 452, 4, 3]
[2, 452, 4, 3, 42]
[42, 2, 4, 3, 497, 1]
[499, 2, 4, 3, 30, 1]
[29, 499, 2, 4, 3, 1]
[2, 42, 4, 3, 497, 1]
[2, 427, 4, 3, 30, 1]
[2, 427, 4, 3, 40, 1]
[2, 42, 427, 4, 3, 1]
[2, 427, 4, 3, 29, 1]
[2, 387, 29, 3, 1]
[2, 30, 3, 385, 1]
[2, 387, 3, 27, 1]
[2, 387, 30, 3, 1]
[2, 29, 4, 452, 3]
[2, 4, 42, 452, 3]
[2, 4, 452, 3, 30]
[2, 4, 29, 452, 3]
[2, 4, 30, 452, 3]
[2, 25, 4, 452, 3]
[2, 30, 1, 4, 3, 499]
[2, 4, 40, 3, 497, 1]
[2, 29, 4, 3, 497, 1]
[2, 4, 30, 3, 497, 1]
[2, 4, 42, 3, 497, 1]
[2, 495, 4, 42, 3, 1]
[2, 30, 4, 3, 497, 1]
[2, 1, 4, 30, 3, 499]
[2, 30, 4, 3, 497, 1]
[2, 4, 3, 30, 497, 1]
[2, 4, 427, 25, 3, 1]
[2, 4, 30, 3, 429, 1]
[2, 42, 454, 4, 3]
[2, 452, 4, 42, 3]
[2, 30, 4, 452, 3]
[2, 30, 4, 452, 3]
[2, 42, 4, 3, 497, 1]
[2, 25, 4, 3, 497, 1]
[2, 25, 4, 3, 497, 1]
[2, 1, 4, 30, 3, 499]
[2, 25, 4, 3, 497, 1]
[2, 28, 4, 3, 497, 1]
[2, 28, 4, 3, 497, 1]
[2, 25, 427, 4, 3, 1]
[2, 452, 4, 30, 3]
[2, 42, 454, 4, 3]
[2, 30, 452, 4, 3]
[2, 452, 4, 3, 42]
[2, 29, 452, 4, 3]
[2, 4, 3, 30, 497, 1]
[2, 495, 4, 3, 29, 1]
[2, 495, 25, 4, 3, 1]
[2, 42, 4, 3, 497, 1]
[2, 29, 4, 3, 497, 1]
[2, 29, 4, 3, 497, 1]
[2, 30, 4, 3, 497, 1]
[2, 4, 3, 497, 1, 30]
[2, 30, 4, 3, 497, 1]
[2, 1, 28, 4, 3, 499]
[2, 454, 4, 3, 31]
[2, 452, 4, 3, 28]
[2, 427, 4, 30, 3, 1]
[2, 30, 427, 4, 3, 1]
[2, 25, 427, 4, 3, 1]
[2, 427, 4, 3, 1, 35]
[2, 385, 35, 3, 1]
[2, 387, 3, 39, 1]
[25, 3, 2, 385, 1]
[385, 29, 3, 2, 1]
[387, 29, 3, 2, 1]
[385, 29, 3, 2, 1]
[4, 452, 3, 2, 42]
[4, 454, 3, 42, 2]
[23, 4, 452, 3, 2]
[42, 4, 452, 3, 2]
[4, 454, 30, 3, 2]
[30, 4, 452, 3, 2]
[4, 42, 452, 3, 2]
[4, 25, 452, 3, 2]
[4, 454, 3, 27, 2]
[4, 25, 452, 3, 2]
[30, 4, 3, 2, 497, 1]
[4, 29, 3, 2, 497, 1]
[495, 30, 4, 3, 2, 1]
[495, 30, 4, 3, 2, 1]
[25, 427, 4, 3, 2, 1]
[427, 4, 3, 30, 2, 1]
[4, 454, 29, 3, 2]
[4, 454, 3, 30, 2]
[30, 4, 452, 3, 2]
[30, 4, 452, 3, 2]
[4, 452, 30, 3, 2]
[30, 4, 452, 3, 2]
[495, 25, 4, 3, 2, 1]
[4, 40, 3, 2, 497, 1]
[499, 4, 30, 3, 2, 1]
[427, 4, 29, 3, 2, 1]
[30, 427, 4, 3, 2, 1]
[25, 427, 4, 3, 2, 1]
[427, 4, 30, 3, 2, 1]
[427, 4, 30, 3, 2, 1]
[25, 454, 4, 3, 2]
[452, 4, 3, 2, 30]
[452, 4, 3, 2, 42]
[30, 452, 4, 3, 2]
[30, 454, 4, 3, 2]
[42, 4, 3, 2, 497, 1]
[42, 4, 3, 2, 497, 1]
[25, 4, 3, 2, 497, 1]
[4, 3, 2, 39, 497, 1]
[427, 4, 25, 3, 2, 1]
[25, 427, 4, 3, 2, 1]
[427, 4, 3, 2, 29, 1]
[427, 29, 4, 3, 2, 1]
[427, 4, 40, 3, 2, 1]
[30, 427, 4, 3, 2, 1]
[427, 4, 3, 2, 1, 28]
[40, 427, 4, 3, 2, 1]
[29, 4, 340, 3, 1]
[23, 4, 340, 3, 1]
[29, 4, 340, 3, 1]
[4, 3, 342, 42, 1]
[42, 4, 340, 3, 1]
[4, 29, 340, 3, 1]
[4, 30, 3, 342, 1]
[30, 4, 340, 3, 1]
[4, 30, 340, 3, 1]
[4, 34, 3, 340, 1]
[34, 342, 4, 3, 1]
[2, 38, 4, 298, 1]
[27, 8, 120]
[8, 120, 1, 25]
[29, 8, 120, 1]
[8, 30, 120, 1]
[31, 9, 3]
[4, 19, 3, 11, 6, 5, 3, 5, 829]
[4, 19, 3, 5, 11, 6, 5, 3, 829]
[4, 3, 1063, 6, 11, 5, 3, 19]
[4, 3, 1066, 6, 10, 5, 3, 19]
[4, 3, 6, 1057, 15, 5, 3, 19]
[4, 3, 1063, 6, 11, 5, 3, 19]
[4, 3, 6, 10, 5, 3, 1065, 19]
[4, 6, 3, 6, 1151, 1, 5, 3, 19]
[68, 23, 8]
[22, 15]
[65, 192, 68, 28, 8, 192]
[65, 192, 68, 192, 30, 8]
[36, 21]
[30, 1, 21]
[27, 31]
[34, 31]
[112, 31, 3]
[31, 3, 31]
[3, 31, 34]
[28, 231]
[37, 216]
[7, 114, 126]
[132, 1, 114]
[7, 42, 190]
[38, 1, 200]
[131, 112]
[36, 227]
[4, 19, 6, 6, 1, 5, 3, 320]
[9, 2, 5, 3, 6, 318, 4, 5, 3, 19]
[4, 19, 363, 6, 3, 5, 3, 5, 11]
[4, 19, 2, 453, 3, 6, 5, 5, 3, 11]
[312, 117, 1, 8, 1]
[312, 1, 28, 8, 1]
[1, 312, 29, 1, 8, 1]
[312, 1, 1, 30, 8, 1]
[312, 1, 1, 30, 8, 1]
[1, 312, 1, 26, 1, 8, 1]
[1, 312, 1, 34, 1, 8, 1]
[312, 1, 31, 1, 8, 1]
[312, 1, 25, 1, 8, 1]
[312, 1, 1, 8, 27, 1]
[312, 35, 1, 1, 8, 1]
[1, 312, 1, 30, 1, 8, 1]
[1, 312, 1, 1, 29, 8, 1]
[312, 1, 1, 8, 27, 1]
[312, 1, 27, 1, 8, 1]
[1, 312, 1, 35, 1, 8, 1]
[1, 312, 1, 8, 1, 36]
[312, 1, 2, 8, 30, 1]
[30, 312, 2, 8, 1]
[1, 312, 2, 28, 8, 1]
[312, 2, 8, 30, 1]
[1, 312, 2, 114, 1, 8, 1]
[1, 312, 42, 2, 1, 8, 1]
[1, 312, 1, 2, 1, 117, 8, 1]
[1, 312, 1, 2, 28, 1, 8, 1]
[312, 39, 2, 1, 8, 1]
[1, 312, 112, 1, 2, 1, 8, 1]
[1, 312, 2, 8, 35, 1]
[879]
[682]
[548]
[22, 100, 45, 27, 28, 26, 39, 36, 1]
[1, 112, 27, 28, 25, 26, 11, 36, 48]
[1, 27, 28, 25, 26, 118, 11, 36, 48]
[1, 27, 28, 25, 26, 100, 40, 36, 48]
[28, 135, 1, 27, 27, 44, 19, 11, 36]
[28, 1, 100, 27, 27, 26, 44, 19, 36]
[28, 1, 27, 27, 100, 44, 19, 40, 36]
[28, 1, 27, 27, 100, 44, 24, 19, 36]
[26, 129, 11, 28, 45, 22, 27, 36, 1]
[26, 113, 11, 28, 45, 22, 27, 36, 1]
[29, 26, 28, 45, 97, 22, 27, 36, 1]
[44, 123, 11, 27, 36, 28, 21, 26, 1]
[44, 27, 36, 100, 28, 21, 26, 43, 1]
[44, 33, 27, 36, 100, 28, 21, 26, 1]
[44, 24, 27, 36, 100, 28, 21, 26, 1]
[18, 36, 120, 41, 28, 11, 26, 27, 1]
[18, 36, 41, 18, 28, 100, 26, 27, 1]
[18, 36, 41, 40, 28, 100, 26, 27, 1]
[27, 26, 26, 18, 36, 11, 28, 1, 51]
[27, 26, 26, 18, 100, 36, 51, 28, 1]
[42, 27, 26, 26, 100, 36, 51, 28, 1]
[31, 165, 24, 23, 24, 24, 24, 43, 28, 6]
[17, 165, 24, 24, 28, 28]
[165, 24, 24, 18, 28, 28]
[165, 24, 23, 24, 6, 28, 28, 76]
[165, 24, 23, 24, 6, 28, 28, 76]
[4, 18, 4, 5, 7]
[1, 14, 27, 28, 25, 11, 100, 36, 48]
[1, 27, 28, 25, 56, 11, 100, 36, 48]
[1, 27, 28, 26, 11, 26, 100, 36, 48]
[1, 27, 14, 28, 26, 11, 100, 36, 48]
[1, 14, 27, 28, 26, 11, 100, 36, 48]
[1, 27, 25, 58, 26, 11, 100, 36, 48]
[27, 28, 25, 26, 11, 100, 54, 1, 48]
[1, 27, 28, 25, 26, 11, 26, 100, 36, 48]
[1, 91, 27, 28, 25, 26, 11, 100, 36, 48]
[43, 27, 28, 25, 26, 36, 11, 100, 1, 48]
[1, 27, 28, 25, 18, 26, 11, 36, 48]
[1, 27, 28, 25, 26, 134, 11, 36, 48]
[122, 1, 27, 25, 28, 26, 11, 36, 48]
[1, 27, 28, 25, 50, 26, 11, 100, 36, 48]
[1, 27, 28, 25, 16, 26, 11, 100, 36, 48]
[1, 27, 67, 28, 25, 26, 11, 100, 36, 48]
[1, 27, 28, 25, 26, 11, 100, 33, 36, 48]
[1, 27, 28, 25, 26, 11, 100, 33, 36, 48]
[1, 27, 28, 25, 26, 26, 11, 100, 36, 48]
[14, 44, 11, 36, 28, 21, 26, 1, 100]
[55, 11, 27, 36, 28, 21, 26, 1, 100]
[44, 11, 27, 36, 56, 21, 26, 1, 100]
[14, 44, 11, 27, 36, 28, 21, 26, 1, 100]
[66, 44, 11, 27, 28, 21, 26, 1, 100]
[44, 51, 11, 27, 36, 28, 21, 26, 1, 100]
[44, 34, 11, 27, 36, 28, 21, 26, 1, 100]
[47, 44, 11, 27, 36, 28, 21, 26, 1, 100]
[44, 11, 27, 36, 28, 21, 49, 26, 1, 100]
[44, 11, 27, 36, 28, 21, 26, 100, 1, 110]
[44, 89, 11, 27, 36, 28, 21, 26, 1, 100]
[44, 26, 11, 27, 36, 28, 21, 26, 1, 100]
[46, 44, 27, 11, 36, 28, 21, 26, 1, 100]
[44, 67, 11, 27, 36, 28, 21, 26, 1, 100]
[44, 41, 27, 36, 28, 21, 26, 1, 100]
[44, 11, 16, 36, 27, 28, 21, 26, 1, 100]
[44, 29, 27, 11, 36, 28, 21, 26, 1, 100]
[44, 11, 16, 36, 27, 28, 21, 26, 1, 100]
[44, 26, 11, 27, 36, 28, 21, 26, 1, 100]
[44, 11, 27, 36, 33, 28, 21, 26, 1, 100]
[44, 29, 27, 11, 36, 28, 21, 26, 1, 100]
[32, 44, 11, 27, 36, 28, 21, 26, 1, 100]
[18, 100, 36, 28, 41, 43, 11, 27, 1]
[18, 36, 28, 100, 18, 11, 26, 27, 1]
[18, 100, 36, 41, 56, 11, 26, 27, 1]
[18, 100, 36, 28, 14, 41, 11, 26, 27, 1]
[18, 36, 28, 14, 41, 100, 11, 26, 27, 1]
[18, 36, 62, 100, 28, 41, 11, 26, 27, 1]
[18, 28, 41, 100, 18, 11, 26, 27, 1]
[18, 14, 28, 41, 100, 11, 26, 27, 1]
[18, 100, 36, 28, 48, 41, 11, 26, 27, 1]
[18, 100, 36, 28, 41, 11, 47, 26, 27, 1]
[18, 100, 36, 28, 48, 41, 11, 26, 27, 1]
[18, 100, 36, 28, 41, 49, 11, 26, 27, 1]
[18, 100, 36, 101, 28, 41, 11, 26, 27, 1]
[18, 100, 36, 28, 41, 101, 11, 26, 27, 1]
[89, 18, 36, 100, 28, 41, 11, 26, 27, 1]
[18, 100, 36, 83, 28, 41, 11, 26, 27, 1]
[18, 36, 28, 41, 100, 26, 11, 26, 27, 1]
[18, 100, 36, 28, 41, 91, 11, 26, 27, 1]
[18, 36, 28, 41, 122, 11, 26, 27, 1]
[18, 36, 28, 41, 26, 100, 11, 26, 27, 1]
[18, 100, 36, 28, 41, 46, 11, 26, 27, 1]
[18, 100, 36, 28, 28, 41, 11, 26, 27, 1]
[18, 100, 36, 28, 30, 41, 11, 26, 27, 1]
[18, 100, 36, 28, 41, 56, 11, 26, 27, 1]
[18, 100, 36, 28, 41, 29, 11, 26, 27, 1]
[18, 36, 100, 28, 41, 18, 11, 26, 27, 1]
[18, 100, 36, 28, 31, 41, 11, 26, 27, 1]
[18, 100, 36, 28, 41, 30, 11, 26, 27, 1]
[18, 100, 36, 28, 29, 41, 11, 26, 27, 1]
[18, 36, 28, 41, 100, 26, 11, 26, 27, 1]
[100, 26, 11, 48, 49]
[55, 100, 26, 11, 49]
[26, 26, 11, 32, 49]
[100, 26, 26, 49, 39]
[1, 27, 28, 25, 100, 18, 11, 36, 48]
[1, 57, 28, 25, 26, 11, 100, 36, 48]
[1, 27, 28, 25, 100, 26, 11, 26, 36, 48]
[1, 27, 49, 25, 28, 26, 11, 100, 36, 48]
[1, 27, 28, 25, 26, 30, 11, 100, 36, 48]
[1, 27, 28, 25, 100, 26, 11, 26, 36, 48]
[1, 27, 28, 25, 26, 106, 11, 100, 36, 48]
[1, 27, 28, 25, 62, 26, 11, 100, 36, 48]
[1, 27, 28, 25, 100, 26, 11, 26, 36, 48]
[1, 33, 27, 28, 25, 26, 11, 100, 36, 48]
[1, 27, 28, 25, 26, 11, 100, 29, 36, 48]
[1, 27, 28, 25, 26, 11, 100, 57, 36, 48]
[1, 27, 28, 25, 100, 26, 11, 29, 36, 48]
[1, 27, 28, 25, 31, 26, 11, 100, 36, 48]
[1, 27, 28, 25, 26, 17, 11, 100, 36, 48]
[1, 27, 28, 25, 26, 11, 30, 100, 36, 48]
[1, 27, 28, 25, 23, 100, 26, 11, 36, 48]
[1, 27, 28, 25, 26, 11, 29, 100, 36, 48]
[44, 31, 100, 11, 27, 36, 17, 28, 21, 26, 1]
[14, 44, 100, 11, 27, 36, 28, 26, 1]
[44, 31, 100, 29, 11, 27, 36, 28, 21, 26, 1]
[44, 100, 36, 11, 27, 36, 28, 21, 26, 1]
[44, 100, 46, 11, 27, 36, 28, 21, 26, 1]
[14, 44, 100, 11, 27, 36, 28, 21, 26, 1]
[44, 31, 19, 100, 11, 27, 36, 28, 21, 26, 1]
[44, 14, 100, 27, 11, 36, 28, 21, 26, 1]
[44, 31, 30, 100, 11, 27, 36, 28, 21, 26, 1]
[44, 31, 100, 11, 27, 36, 17, 28, 21, 26, 1]
[44, 14, 100, 27, 11, 36, 28, 21, 26, 1]
[18, 36, 41, 100, 28, 32, 11, 26, 27, 1]
[18, 32, 36, 41, 100, 28, 11, 26, 27, 1]
[18, 36, 41, 100, 18, 28, 11, 27, 1]
[18, 36, 41, 100, 28, 11, 58, 27, 1]
[18, 36, 31, 41, 100, 28, 11, 26, 27, 1]
[18, 36, 100, 28, 51, 11, 26, 27, 1]
[18, 36, 41, 23, 100, 28, 11, 26, 27, 1]
[18, 41, 100, 28, 26, 11, 26, 27, 1]
[18, 36, 14, 100, 41, 28, 11, 26, 27, 1]
[18, 36, 39, 41, 100, 28, 11, 26, 27, 1]
[18, 36, 41, 100, 28, 37, 11, 26, 27, 1]
[18, 36, 41, 38, 100, 28, 11, 26, 27, 1]
[18, 36, 41, 34, 100, 28, 11, 26, 27, 1]
[18, 36, 41, 100, 28, 48, 11, 26, 27, 1]
[18, 60, 36, 41, 100, 28, 11, 26, 27, 1]
[18, 36, 14, 100, 41, 28, 11, 26, 27, 1]
[18, 36, 100, 41, 28, 26, 26, 27, 1]
[18, 36, 41, 100, 29, 28, 26, 27, 1]
[18, 28, 36, 41, 100, 28, 11, 26, 27, 1]
[18, 36, 41, 100, 28, 11, 26, 27, 1, 31]
[18, 36, 41, 100, 30, 28, 11, 26, 27, 1]
[18, 28, 36, 41, 100, 28, 11, 26, 27, 1]
[18, 36, 100, 41, 28, 26, 11, 26, 27, 1]
[18, 36, 100, 41, 18, 28, 11, 26, 27, 1]
[18, 32, 36, 41, 100, 28, 11, 26, 27, 1]
[165, 24, 23, 24, 6, 28, 28, 76]
[165, 24, 23, 24, 6, 28, 28, 76]
[19, 165, 24, 24, 28, 28]
[165, 24, 23, 24, 6, 28, 28, 76]
[165, 24, 23, 24, 6, 28, 28, 76]
[165, 24, 17, 24, 28, 28]
[165, 24, 23, 24, 6, 28, 28, 76]
[165, 24, 23, 24, 6, 28, 28, 76]
[165, 24, 23, 24, 6, 28, 28, 76]
[165, 24, 23, 24, 6, 28, 28, 76]
[165, 24, 23, 24, 6, 28, 28, 76]
[165, 24, 18, 24, 28, 28]
[110, 165, 24, 23, 24, 28, 28, 6]
[165, 24, 23, 24, 6, 28, 28, 76]
[110, 165, 24, 23, 24, 28, 28, 6]
[165, 24, 23, 24, 6, 28, 28, 76]
[165, 24, 23, 24, 6, 28, 28, 76]
[165, 24, 23, 24, 6, 28, 28, 76]
[165, 24, 23, 24, 6, 28, 28, 76]
[165, 24, 23, 24, 6, 28, 28, 76]
[165, 24, 23, 24, 6, 28, 28, 76]
[165, 24, 23, 24, 6, 28, 28, 76]
[165, 24, 12, 24, 28, 28]
[165, 24, 24, 28, 11, 28]
[165, 24, 18, 24, 28, 28]
[165, 24, 23, 24, 6, 28, 28, 76]
[165, 24, 23, 24, 6, 28, 28, 76]
[165, 24, 23, 24, 6, 28, 28, 76]
[165, 24, 23, 24, 6, 28, 28, 76]
[165, 24, 23, 24, 6, 28, 28, 76]
[110, 165, 24, 23, 24, 28, 28, 6]
[165, 24, 23, 24, 6, 28, 28, 76]
[165, 24, 23, 24, 6, 28, 28, 76]
[165, 24, 11, 24, 28, 28]
[165, 24, 23, 24, 6, 28, 28, 76]
[165, 24, 23, 24, 6, 28, 28, 76]
[165, 24, 27, 24, 24, 28, 58]
[165, 24, 27, 124, 24, 24, 28]
[31, 43, 165, 24, 23, 24, 24, 24, 28, 6]
[110, 165, 24, 23, 24, 28, 28, 6]
[165, 24, 23, 24, 6, 28, 28, 76]
[165, 24, 23, 24, 6, 28, 28, 76]
[165, 24, 23, 24, 6, 28, 28, 76]
[165, 24, 23, 24, 6, 28, 28, 76]
[165, 24, 23, 24, 6, 28, 28, 76]
[165, 24, 23, 24, 6, 28, 28, 76]
[165, 24, 23, 24, 6, 28, 28, 76]
[31, 165, 24, 23, 24, 127, 24, 24, 28, 28, 6]
[165, 24, 23, 24, 6, 28, 28, 76]
[165, 24, 23, 24, 6, 28, 28, 76]
[165, 24, 23, 24, 6, 28, 28, 76]
[165, 24, 27, 24, 24, 28, 122]
[165, 24, 27, 24, 44, 24, 28]
[31, 165, 24, 23, 24, 24, 24, 28, 37, 28, 6]
[31, 165, 24, 45, 23, 24, 24, 24, 28, 28, 6]
[165, 24, 23, 24, 6, 28, 28, 76]
[165, 24, 23, 24, 6, 28, 28, 76]
[165, 24, 23, 24, 6, 28, 28, 76]
[31, 165, 24, 23, 24, 24, 37, 24, 28, 28, 6]
[165, 24, 23, 24, 6, 28, 28, 76]
[165, 24, 23, 24, 6, 28, 28, 76]
[165, 24, 23, 24, 6, 28, 28, 76]
[165, 24, 27, 125, 24, 24, 28]
[31, 165, 24, 23, 24, 125, 24, 24, 28, 28, 6]
[31, 165, 24, 46, 23, 24, 24, 24, 28, 28, 6]
[31, 165, 24, 23, 24, 43, 24, 24, 28, 28, 6]
[110, 165, 24, 23, 24, 28, 28, 6]
[165, 24, 23, 24, 6, 28, 28, 76]
[165, 24, 23, 24, 6, 28, 28, 76]
[165, 24, 23, 24, 6, 28, 28, 76]
[31, 165, 24, 23, 24, 122, 24, 24, 28, 28, 6]
[31, 165, 24, 23, 24, 44, 24, 24, 28, 28, 6]
[165, 24, 23, 24, 6, 28, 28, 76]
[165, 24, 23, 24, 6, 28, 28, 76]
[165, 24, 23, 24, 6, 28, 28, 76]
[165, 24, 23, 24, 6, 28, 28, 76]
[44, 165, 24, 27, 24, 24, 28]
[165, 24, 23, 24, 6, 28, 28, 76]
[165, 24, 23, 24, 6, 28, 28, 76]
[165, 24, 23, 24, 6, 28, 28, 76]
[31, 165, 24, 23, 56, 24, 24, 24, 28, 28, 6]
[31, 165, 24, 23, 24, 24, 24, 28, 48, 28, 6]
[31, 165, 24, 23, 24, 6, 24, 24, 28, 28, 46]
[31, 165, 24, 23, 58, 24, 24, 24, 28, 28, 6]
[165, 24, 23, 24, 6, 28, 28, 76]
[165, 24, 23, 24, 6, 28, 28, 76]
[165, 24, 23, 24, 6, 28, 28, 76]
[165, 24, 23, 24, 6, 28, 28, 76]
[31, 165, 24, 23, 24, 24, 24, 37, 28, 28, 6]
[31, 58, 165, 24, 23, 24, 24, 24, 28, 28, 6]
[165, 24, 23, 24, 6, 28, 28, 76]
[165, 24, 23, 24, 6, 28, 28, 76]
[165, 24, 23, 24, 6, 28, 28, 76]
[165, 24, 23, 24, 6, 28, 28, 76]
[110, 165, 24, 23, 24, 28, 28, 6]
[165, 24, 23, 24, 6, 28, 28, 76]
[165, 24, 23, 24, 6, 28, 28, 76]
[165, 24, 23, 24, 6, 28, 28, 76]
[165, 24, 23, 24, 6, 28, 28, 76]
[165, 24, 23, 24, 6, 28, 28, 76]
[165, 24, 23, 24, 6, 28, 28, 76]
[165, 24, 23, 24, 6, 28, 28, 76]
[165, 24, 24, 9, 28, 28]
[165, 24, 24, 28, 17, 28]
[165, 24, 23, 24, 6, 28, 28, 76]
[165, 24, 23, 24, 6, 28, 28, 76]
[165, 24, 23, 24, 6, 28, 28, 76]
[4, 9, 2, 3, 6, 4, 5, 183, 3, 19]
[18, 6, 228, 5, 4, 2]
[165, 24, 23, 24, 6, 28, 28, 76]
[165, 24, 23, 24, 6, 28, 28, 76]
[165, 24, 23, 24, 6, 28, 28, 76]
[44, 49, 31, 27, 11, 36, 28, 21, 26, 1, 100]
[54, 44, 49, 27, 11, 36, 28, 21, 1, 100]
[44, 27, 11, 36, 18, 28, 49, 26, 1, 100]
[1, 44, 49, 27, 11, 36, 28, 21, 26, 40, 100]
[44, 47, 49, 27, 11, 36, 28, 21, 26, 1, 100]
[106, 44, 49, 27, 11, 36, 28, 21, 26, 1, 100]
[44, 49, 27, 11, 36, 119, 28, 21, 26, 1, 100]
[44, 49, 94, 27, 11, 36, 28, 21, 26, 1, 100]
[92, 44, 49, 27, 11, 36, 28, 21, 26, 1, 100]
[44, 49, 27, 11, 136, 36, 28, 21, 26, 1]
[44, 49, 60, 27, 11, 36, 28, 21, 26, 1, 100]
[44, 49, 27, 11, 36, 28, 21, 26, 61, 1, 100]
[44, 49, 56, 27, 11, 36, 28, 21, 26, 1, 100]
[44, 49, 14, 27, 36, 28, 21, 26, 1, 100]
[1, 44, 49, 27, 11, 36, 28, 21, 26, 18, 100]
[44, 49, 26, 27, 11, 36, 28, 21, 26, 1, 100]
[44, 49, 31, 27, 11, 36, 28, 21, 26, 1, 100]
[44, 49, 19, 27, 11, 36, 28, 21, 26, 1, 100]
[44, 49, 27, 11, 36, 29, 28, 21, 26, 1, 100]
[14, 44, 49, 27, 11, 36, 28, 21, 26, 1, 100]
[1, 44, 49, 27, 11, 36, 28, 21, 26, 28, 100]
[44, 49, 27, 11, 36, 28, 21, 29, 26, 1, 100]
[44, 49, 18, 27, 11, 36, 28, 21, 26, 1, 100]
[165, 24, 23, 24, 6, 28, 28, 76]
[165, 24, 23, 24, 6, 28, 28, 76]
[165, 24, 23, 24, 6, 28, 28, 76]
[165, 24, 23, 24, 6, 28, 28, 76]
[165, 24, 23, 24, 6, 28, 28, 76]
[165, 24, 23, 24, 6, 28, 28, 76]
[165, 24, 23, 24, 6, 28, 28, 76]
[165, 24, 23, 24, 6, 28, 28, 76]
[165, 24, 23, 24, 6, 28, 28, 76]
[165, 24, 23, 24, 6, 28, 28, 76]
[56, 44, 1, 11, 36, 28, 21, 26, 1, 100]
[44, 1, 45, 11, 36, 28, 21, 26, 1, 100]
[44, 14, 1, 27, 11, 36, 28, 21, 26, 1, 100]
[44, 1, 29, 27, 11, 36, 28, 21, 26, 1, 100]
[44, 1, 14, 27, 11, 36, 28, 21, 26, 1, 100]
[44, 1, 27, 11, 48, 36, 28, 21, 26, 1, 100]
[44, 1, 98, 27, 11, 36, 28, 21, 26, 1, 100]
[44, 14, 1, 27, 11, 36, 28, 21, 26, 1, 100]
[44, 1, 50, 27, 11, 36, 28, 21, 26, 1, 100]
[44, 1, 69, 27, 11, 36, 28, 21, 26, 1, 100]
[44, 1, 27, 69, 11, 36, 28, 21, 26, 1, 100]
[44, 1, 27, 11, 36, 28, 21, 26, 26, 1, 100]
[44, 1, 27, 11, 36, 18, 28, 21, 26, 1, 100]
[44, 1, 32, 27, 11, 36, 28, 21, 26, 1, 100]
[44, 30, 1, 27, 11, 36, 28, 21, 26, 1, 100]
[44, 1, 27, 30, 11, 36, 28, 21, 26, 1, 100]
[44, 1, 19, 27, 11, 36, 28, 21, 26, 1, 100]
[18, 36, 14, 1, 41, 28, 100, 26, 11, 1]
[18, 36, 31, 44, 1, 41, 28, 100, 26, 11, 1]
[18, 36, 31, 19, 28, 1, 41, 100, 11, 26, 27, 1]
[18, 54, 36, 31, 28, 1, 41, 100, 11, 27, 1]
[36, 31, 28, 1, 41, 100, 11, 26, 27, 1, 48]
[18, 36, 1, 41, 100, 59, 11, 26, 27, 1]
[18, 36, 28, 1, 31, 41, 100, 11, 26, 27]
[18, 36, 28, 1, 41, 100, 32, 11, 26, 27]
[18, 36, 31, 24, 28, 1, 41, 100, 11, 26, 27, 1]
[35, 18, 36, 28, 1, 41, 100, 11, 26, 27, 1]
[18, 36, 28, 1, 41, 136, 11, 26, 27, 1]
[18, 36, 28, 1, 41, 44, 100, 11, 26, 27, 1]
[18, 36, 28, 1, 41, 29, 100, 11, 26, 27, 1]
[18, 36, 28, 1, 41, 42, 100, 26, 27, 1]
[18, 36, 31, 28, 1, 41, 17, 100, 11, 26, 27, 1]
[18, 36, 28, 1, 41, 26, 100, 11, 26, 27, 1]
[18, 36, 30, 28, 1, 41, 100, 11, 26, 27, 1]
[18, 36, 28, 1, 41, 14, 100, 11, 26, 27, 1]
[18, 36, 14, 1, 41, 28, 100, 11, 26, 27, 1]
[18, 36, 28, 1, 41, 29, 100, 11, 26, 27, 1]
[18, 36, 28, 1, 41, 18, 100, 11, 26, 27, 1]
[165, 24, 23, 24, 6, 28, 28, 76]
[165, 24, 23, 24, 6, 28, 28, 76]
[165, 24, 23, 24, 6, 28, 28, 76]
[110, 165, 24, 23, 24, 28, 28, 6]
[110, 165, 24, 23, 24, 28, 28, 6]
[22, 11, 100, 45, 27, 28, 18, 36, 1]
[11, 100, 45, 27, 28, 26, 45, 36, 1]
[1, 22, 11, 100, 45, 27, 28, 26, 36, 40]
[22, 49, 11, 100, 45, 27, 28, 26, 36, 1]
[37, 22, 11, 100, 45, 27, 28, 26, 36, 1]
[22, 11, 100, 45, 27, 28, 26, 104, 36, 1]
[22, 11, 100, 45, 27, 28, 26, 104, 36, 1]
[22, 11, 100, 45, 27, 28, 26, 35, 36, 1]
[22, 11, 100, 45, 27, 28, 26, 46, 36, 1]
[22, 11, 100, 45, 27, 28, 26, 18, 36, 1]
[22, 11, 100, 45, 48, 28, 27, 26, 36, 1]
[22, 100, 45, 27, 28, 26, 31, 36, 1]
[22, 100, 45, 27, 28, 26, 41, 36, 1]
[22, 39, 11, 100, 45, 27, 28, 26, 36, 1]
[22, 19, 11, 100, 45, 27, 28, 26, 36, 1]
[22, 14, 11, 100, 45, 27, 28, 26, 36, 1]
[22, 11, 100, 45, 27, 28, 26, 36, 1, 31]
[22, 11, 100, 45, 27, 28, 26, 29, 36, 1]
[22, 11, 100, 45, 19, 27, 28, 26, 36, 1]
[22, 11, 100, 45, 27, 16, 28, 26, 36, 1]
[22, 11, 100, 45, 27, 28, 26, 29, 36, 1]
[1, 22, 11, 100, 45, 27, 28, 26, 36, 18]
[1, 27, 31, 28, 25, 18, 11, 100, 36, 48]
[1, 27, 29, 25, 28, 26, 11, 100, 36, 48]
[1, 27, 31, 28, 26, 11, 100, 26, 36, 48]
[1, 27, 47, 28, 26, 11, 100, 36, 48]
[1, 27, 28, 25, 26, 11, 100, 30, 36, 48]
[1, 27, 60, 25, 28, 26, 11, 100, 36, 48]
[1, 27, 28, 25, 26, 36, 11, 100, 36, 48]
[1, 27, 28, 25, 50, 26, 11, 100, 36, 48]
[1, 41, 27, 28, 25, 26, 11, 100, 36, 48]
[1, 27, 28, 49, 25, 26, 11, 100, 36, 48]
[1, 27, 31, 28, 25, 18, 26, 11, 100, 36, 48]
[1, 27, 102, 25, 28, 26, 11, 100, 36, 48]
[1, 27, 28, 25, 170, 26, 11, 100, 36, 48]
[1, 27, 28, 25, 137, 26, 11, 36, 48]
[1, 27, 31, 28, 25, 26, 100, 26, 36, 48]
[1, 14, 27, 31, 28, 25, 26, 100, 36, 48]
[1, 27, 28, 25, 26, 11, 100, 32, 36, 48]
[1, 27, 28, 25, 31, 26, 11, 100, 36, 48]
[1, 27, 14, 25, 28, 26, 11, 100, 36, 48]
[1, 27, 28, 25, 26, 17, 11, 100, 36, 48]
[1, 27, 31, 28, 25, 26, 18, 11, 100, 36, 48]
[1, 27, 31, 28, 25, 18, 26, 11, 100, 36, 48]
[1, 27, 28, 25, 19, 26, 11, 100, 36, 48]
[1, 27, 28, 25, 26, 11, 100, 30, 36, 48]
[1, 31, 27, 28, 25, 26, 11, 100, 36, 48]
[1, 27, 28, 25, 26, 17, 11, 100, 36, 48]
[1, 27, 28, 25, 26, 30, 11, 100, 36, 48]
[41]
[39]
[1, 27, 31, 28, 31, 25, 26, 11, 100, 36, 48]
[1, 27, 31, 28, 25, 26, 11, 100, 33, 36, 48]
[1, 27, 31, 14, 28, 26, 11, 100, 36, 48]
[1, 27, 31, 44, 25, 26, 11, 100, 36, 48]
[27, 31, 28, 25, 26, 11, 100, 66, 1, 48]
[1, 27, 31, 14, 28, 25, 26, 11, 100, 36, 48]
[1, 27, 31, 28, 25, 26, 11, 100, 26, 36, 48]
[1, 27, 31, 28, 25, 26, 18, 11, 100, 36, 48]
[1, 27, 31, 28, 25, 117, 26, 11, 100, 36, 48]
[1, 27, 31, 14, 28, 25, 26, 11, 100, 36, 48]
[1, 27, 31, 28, 25, 26, 48, 11, 100, 36, 56]
[1, 27, 31, 28, 25, 26, 134, 11, 36, 48]
[1, 27, 31, 28, 25, 26, 26, 11, 100, 36, 48]
[1, 27, 31, 54, 28, 25, 26, 11, 100, 36, 48]
[1, 14, 27, 31, 28, 25, 26, 11, 100, 36, 48]
[1, 27, 31, 14, 28, 25, 26, 11, 100, 36, 48]
[1, 27, 31, 28, 25, 26, 69, 11, 100, 36, 48]
[1, 27, 31, 28, 25, 26, 42, 100, 36, 48]
[1, 27, 31, 30, 28, 25, 26, 11, 100, 36, 48]
[1, 27, 31, 14, 25, 28, 26, 11, 100, 36, 48]
[1, 27, 31, 28, 25, 26, 26, 11, 100, 36, 48]
[1, 27, 31, 28, 25, 26, 18, 11, 100, 36, 48]
[1, 27, 31, 30, 28, 25, 26, 11, 100, 36, 48]
[1, 27, 31, 14, 28, 25, 26, 11, 100, 36, 48]
[28, 27, 31, 28, 25, 26, 36, 11, 100, 1, 48]
[1, 27, 31, 28, 25, 23, 26, 11, 100, 36, 48]
[1, 27, 31, 28, 25, 26, 30, 11, 100, 36, 48]
[1, 27, 31, 28, 25, 26, 11, 100, 30, 36, 48]
[1, 14, 27, 31, 28, 25, 26, 11, 100, 36, 48]
[26]
[14]
[26]
[14]
[165, 24, 24, 9, 28, 28]
[165, 24, 23, 24, 6, 28, 28, 76]
[165, 24, 23, 24, 6, 28, 28, 76]
[165, 24, 23, 24, 6, 28, 28, 76]
[165, 24, 23, 24, 6, 28, 28, 76]
[165, 24, 7, 32, 24, 28, 28]
[165, 24, 23, 24, 6, 28, 28, 76]
[165, 24, 23, 24, 6, 28, 28, 76]
[165, 24, 23, 24, 6, 28, 28, 76]
[165, 24, 27, 24, 24, 28, 37]
[165, 24, 23, 24, 6, 28, 28, 76]
[165, 24, 23, 24, 6, 28, 28, 76]
[11, 26, 100, 26, 44, 28, 21, 1]
[1, 11, 26, 100, 44, 28, 21, 57]
[11, 26, 100, 44, 21, 33, 28, 26, 1]
[11, 19, 26, 100, 44, 21, 28, 26, 1]
[11, 26, 100, 44, 21, 28, 26, 26, 1]
[46, 11, 26, 100, 44, 28, 26, 1]
[11, 26, 100, 44, 21, 18, 28, 26]
[14, 11, 26, 100, 44, 21, 28, 26, 1]
[11, 26, 26, 100, 26, 28, 21, 1]
[11, 26, 100, 44, 18, 21, 28, 26, 1]
[11, 26, 100, 44, 21, 28, 106, 26, 1]
[11, 26, 100, 44, 21, 48, 28, 26, 1]
[45, 11, 26, 100, 44, 21, 28, 26, 1]
[1, 11, 26, 100, 44, 21, 28, 26, 31]
[14, 26, 100, 44, 21, 28, 26, 1]
[41, 26, 100, 44, 21, 28, 26, 1]
[28, 26, 100, 44, 21, 28, 26, 1]
[21, 28, 45, 11, 100, 26, 49, 1]
[21, 27, 28, 11, 100, 18, 26, 49, 1]
[21, 27, 28, 11, 100, 65, 26, 49, 1]
[21, 27, 28, 11, 100, 26, 49, 66, 1]
[21, 27, 28, 11, 100, 30, 26, 49, 1]
[21, 27, 28, 11, 100, 26, 36, 49, 1]
[48, 21, 27, 28, 11, 100, 26, 49, 1]
[21, 27, 28, 11, 100, 26, 49, 1, 32]
[14, 21, 27, 28, 11, 100, 26, 49, 1]
[21, 27, 28, 11, 100, 103, 26, 49, 1]
[21, 27, 28, 189, 11, 100, 26, 49, 1]
[21, 27, 28, 11, 100, 26, 49, 190, 1]
[1, 21, 27, 28, 176, 100, 26, 49, 11]
[21, 27, 92, 28, 11, 100, 26, 49, 1]
[21, 27, 28, 134, 11, 26, 49, 1]
[21, 27, 28, 45, 11, 100, 26, 49, 1]
[21, 27, 28, 100, 18, 26, 49, 1]
[21, 27, 14, 28, 100, 26, 49, 1]
[21, 29, 27, 28, 100, 26, 49, 1]
[21, 27, 28, 100, 26, 49, 27, 1]
[21, 27, 28, 18, 11, 100, 26, 49, 1]
[21, 27, 28, 11, 100, 26, 32, 49, 1]
[21, 27, 28, 29, 11, 100, 26, 49, 1]
[21, 27, 28, 11, 100, 26, 15, 49, 1]
[21, 27, 28, 11, 100, 26, 49, 1, 31]
[44, 49, 3, 11, 36, 18, 28, 21, 26, 1, 100]
[49, 3, 27, 11, 36, 28, 21, 68, 26, 1, 100]
[44, 49, 58, 3, 11, 27, 36, 21, 26, 1, 100]
[44, 49, 3, 31, 11, 27, 36, 28, 21, 26, 1, 100]
[14, 44, 49, 3, 11, 27, 28, 21, 26, 1, 100]
[44, 49, 3, 27, 11, 28, 21, 66, 26, 1, 100]
[44, 66, 49, 3, 11, 27, 28, 21, 26, 1, 100]
[14, 44, 49, 3, 11, 27, 36, 28, 21, 26, 1, 100]
[44, 49, 3, 27, 11, 36, 36, 28, 21, 26, 1, 100]
[44, 49, 3, 27, 11, 36, 28, 21, 26, 116, 1, 100]
[104, 44, 49, 3, 11, 27, 36, 28, 21, 26, 1, 100]
[44, 49, 3, 47, 11, 27, 36, 28, 21, 26, 1, 100]
[44, 96, 49, 3, 11, 27, 36, 28, 21, 26, 1, 100]
[92, 44, 49, 3, 11, 27, 36, 28, 21, 26, 1, 100]
[44, 49, 3, 27, 11, 36, 28, 21, 94, 26, 1, 100]
[44, 49, 3, 54, 11, 27, 36, 28, 21, 26, 1, 100]
[44, 49, 30, 3, 11, 27, 36, 28, 21, 26, 1, 100]
[44, 49, 3, 27, 11, 36, 28, 21, 30, 26, 1, 100]
[44, 49, 3, 18, 11, 27, 36, 28, 21, 26, 1, 100]
[44, 49, 3, 11, 27, 36, 28, 21, 26, 100, 1, 31]
[44, 49, 14, 3, 11, 27, 36, 28, 21, 26, 1, 100]
[1, 27, 28, 25, 11, 100, 26, 36, 48]
[1, 27, 31, 28, 25, 26, 11, 100, 29, 36, 48]
[1, 14, 27, 28, 25, 26, 11, 100, 36, 48]
[1, 31, 27, 31, 28, 25, 26, 11, 100, 36, 48]
[1, 27, 31, 28, 25, 26, 17, 11, 100, 36, 48]
[1, 27, 28, 46, 25, 26, 11, 100, 36, 48]
[1, 27, 31, 28, 25, 26, 101, 11, 100, 36, 48]
[1, 27, 14, 28, 25, 26, 11, 100, 36, 48]
[1, 27, 28, 25, 26, 18, 11, 100, 36, 48]
[1, 27, 31, 62, 28, 25, 26, 11, 100, 36, 48]
[1, 50, 27, 28, 25, 26, 11, 100, 36, 48]
[1, 14, 27, 28, 25, 26, 11, 100, 36, 48]
[1, 27, 68, 28, 25, 26, 11, 100, 36, 48]
[1, 27, 31, 30, 28, 25, 26, 11, 100, 36, 48]
[1, 27, 31, 28, 25, 26, 16, 11, 100, 36, 48]
[1, 27, 31, 28, 25, 23, 26, 11, 100, 36, 48]
[1, 14, 27, 28, 25, 26, 11, 100, 36, 48]
[1, 27, 31, 28, 25, 26, 11, 100, 29, 36, 48]
[1, 27, 31, 28, 25, 26, 30, 11, 100, 36, 48]
[165, 24, 23, 24, 6, 28, 28, 76]
[165, 24, 23, 24, 6, 28, 28, 76]
[165, 24, 23, 24, 6, 28, 28, 76]
[165, 24, 27, 44, 24, 24, 28]
[31, 165, 24, 23, 24, 24, 24, 28, 124, 6]
[31, 165, 24, 23, 45, 24, 24, 24, 28, 28, 6]
[165, 24, 23, 24, 6, 28, 28, 76]
[165, 24, 23, 24, 6, 28, 28, 76]
[165, 24, 23, 24, 6, 28, 28, 76]
[165, 24, 23, 24, 6, 28, 28, 76]
[21, 27, 100, 26, 49, 37, 11]
[21, 27, 48, 100, 26, 49, 11]
[46, 21, 27, 100, 26, 49, 11]
[21, 127, 27, 26, 49, 11]
[21, 27, 49, 100, 26, 26, 11]
[21, 27, 100, 26, 46, 49, 11]
[21, 27, 63, 100, 26, 49, 11]
[21, 27, 26, 100, 26, 49, 11]
[21, 27, 100, 18, 26, 49, 11]
[21, 27, 100, 26, 18, 49, 11]
[14, 21, 27, 100, 26, 49]
[21, 27, 100, 26, 49, 11, 16]
[9, 2, 3, 6, 4, 4, 5, 295, 3, 19]
[4, 19, 6, 3, 288, 5, 3, 2, 1, 11]
[4, 3, 11, 6, 1, 288, 5, 3, 19]
[4, 6, 3, 6, 291, 5, 2, 3, 19]
[9, 9, 336, 6, 5, 3, 19]
[4, 19, 2, 5, 6, 334, 5, 3, 1, 11]
[4, 6, 5, 10, 1, 5, 3, 335, 19]
[4, 6, 6, 295, 1, 5, 3, 19]
[4, 6, 6, 294, 1, 5, 3, 19]
[4, 6, 6, 1, 5, 3, 295, 19]
[9, 3, 293, 4, 6, 3, 4, 5, 3, 19]
[23]
[25]
[28]
[1, 29]
[4, 5, 6, 295, 10, 5, 3, 1, 19]
[4, 5, 11, 6, 5, 3, 295, 1, 19]
[4, 6, 295, 5, 1, 10, 5, 3, 19]
[300, 4, 3, 6, 1, 5, 5, 3, 19]
[4, 19, 2, 293, 6, 3, 5, 5, 3, 11]
[192, 26, 192, 503]
[192, 36, 192, 503]
[503, 29, 192, 192]
[503, 192, 25, 192]
[192, 30, 503, 192]
[192, 40, 503, 192]
[25, 503, 192, 192]
[28, 503, 192, 192]
[30, 503, 192, 192]
[192, 25, 192, 503]
[17, 1, 20, 1]
[29, 1, 1]
[29, 1]
[30, 1]
[29, 1]
[42, 1]
[42, 1]
[42, 1]
[1, 30]
[1, 40]
[30, 1]
[31, 1]
[37, 1]
[36, 1]
[7, 5, 16, 9, 9]
[7, 9, 18, 9, 5]
[7, 31, 3, 9, 5, 9]
[7, 30, 3, 9, 5, 9]
[7, 3, 26, 5, 9]
[7, 5, 3, 25, 9]
[25, 7, 3, 9, 5]
[7, 3, 34, 9, 5]
[23, 3, 9, 5, 9]
[7, 32, 3, 9, 5, 9]
[7, 3, 9, 16, 5]
[7, 25, 3, 9, 5]
[7, 3, 9, 5, 34]
[9, 3, 9, 5, 23]
[7, 9, 3, 9, 31, 5]
[15]
[1601]
[1, 9, 2, 3, 6, 4, 5, 3, 93, 19]
[4, 3, 6, 10, 5, 5, 3, 93, 19]
[4, 3, 1, 6, 155, 15, 5, 3, 19]
[4, 3, 1, 6, 15, 5, 3, 153, 5, 19]
[4, 3, 108, 1, 6, 15, 5, 3, 5, 19]
[4, 6, 3, 6, 185, 1, 5, 3, 19]
[4, 6, 3, 6, 1, 5, 3, 201, 19]
[4, 6, 3, 6, 1, 5, 3, 160, 19]
[4, 292, 3, 6, 10, 5, 3, 5, 19]
[19, 332, 10, 6, 6, 5, 3, 1, 3]
[1, 8, 5, 2, 18, 7, 296, 1, 16]
[1, 304, 8, 5, 2, 18, 7, 1, 16]
[4, 19, 5, 284, 2, 6, 3, 5, 3, 11]
[4, 6, 6, 3, 1, 5, 332, 3, 19]
[4, 6, 3, 6, 5, 3, 332, 19]
[4, 6, 3, 6, 688, 1, 5, 3, 19]
[1, 27, 98, 17, 12, 1, 9, 11]
[1, 27, 98, 12, 25, 1, 9, 11]
[1, 25, 27, 98, 12, 1, 11]
[1, 27, 36, 98, 12, 1, 11]
[1, 27, 98, 16, 12, 9, 11]
[1, 27, 98, 12, 14, 9, 11]
[1, 27, 98, 12, 28, 9, 11]
[1, 98, 54, 12, 1, 9, 11]
[1, 27, 12, 12, 1, 9, 11]
[1, 27, 12, 1, 124, 9, 11]
[23, 6]
[23, 6]
[23, 6]
[23, 6]
[23, 6]
[9, 6, 1546, 4, 5, 3, 19]
[29]
[76]
[12, 28, 16, 1]
[12, 17, 16, 1]
[12, 16, 28, 1]
[29, 16, 1, 12]
[1, 16, 27, 12]
[1, 16, 27, 12]
[53, 32, 1, 19]
[9, 6, 4, 5, 3, 1086, 19]
[12, 8]
[9, 9, 6, 408, 5, 3, 19]
[5, 19, 547, 6, 6, 4, 5, 3, 3]
[4, 29, 7, 5, 6]
[4, 16, 7, 1, 6]
[4, 7, 1, 31, 6]
[7, 1, 5, 6, 31]
[4, 5, 5, 9, 48]
[4, 22, 5, 16, 9]
[4, 22, 5, 16, 9]
[65, 224, 224, 68, 29, 8]
[65, 224, 224, 33, 68, 8]
[3, 14, 1, 14]
[4, 6, 6, 1, 1077, 5, 3, 19]
[9, 6, 1086, 4, 5, 3, 19]
[9, 6, 1086, 4, 5, 3, 19]
[]
[]
[]
[]
[]
[]
[]
[]
[]
[]
[]
[]
[]
[]
[]
[]
[]
[]
[]
[]
[]
[]
[]
[]
[]
[]
[]
[]
[]
[]
[]
[]
[]
[]
[]
[]
[]
[]
[]
[]
[]
[]
[]
[]
[]
[]
[]
[]
[]
[]
[]
[]
[]
[]
[]
[]
[]
[]
[]
[]
[]
[]
[]
[]
[]
[]
[]
[]
[]
[]
[]
[]
[]
[]
[]
[]
[]
[]
[]
[]
[]
[]
[]
[]
[]
[]
[]
[]
[]
[]
[]
[]
[]
[]
[]
[]
[]
[]
[]
[]
[]
[]
[]
[]
[]
[]
[]
[]
[]
[]
[]
[]
[]
[]
[]
[]
[]
[]
[]
[]
[]
[]
[]
[]
[]
[]
[]
[]
[]
[]
[]
[]
[]
[]
[]
[]
[]
[]
[]
[]
[]
[]
[]
[]
[]
[]
[]
[]
[]
[]
[]
[]
[]
[]
[]
[]
[]
[]
[]
[]
[]
[]
[]
[]
[]
[]
[]
[]
[]
[]
[]
[]
[]
[]
[]
[]
[]
[]
[]
[]
[]
[]
[]
[]
[]
[]
[]
[]
[]
[]
[]
[]
[]
[]
[]
[]
[]
[]
[]
[]
[]
[]
[]
[]
[]
[]
[]
[]
[]
[]
[]
[]
[]
[]
[]
[]
[]
[]
[]
[]
[]
[]
[]
[]
[]
[]
[]
[]
[]
[]
[]
[]
[]
[]
[]
[]
[]
[]
[]
[]
[]
[]
[]
[]
[]
[]
[]
[]
[]
[]
[]
[]
[]
[]
[]
[]
[]
[]
[]
[]
[]
[]
[]
[]
[]
[]
[]
[]
[]
[]
[]
[]
[]
[]
[]
[]
[]
[]
[]
[]
[]
[]
[]
[]
[]
[]
[]
[]
[]
[]
[]
[]
[]
[]
[]
[]
[]
[]
[]
[]
[]
[]
[]
[]
[]
[]
[]
[]
[]
[]
[]
[]
[]
[]
[]
[]
[]
[]
[]
[]
[]
[]
[]
[]
[]
[]
[]
[]
[]
[]
[]
[]
[]
[]
[]
[]
[]
[]
[]
[]
[]
[]
[]
[]
[]
[]
[]
[]
[]
[]
[]
[]
[]
[]
[]
[]
[]
[]
[]
[]
[]
[]
[]
[]
[]
[]
[]
[]
[]
[]
[]
[]
[]
[]
[]
[]
[]
[]
[]
[]
[]
[]
[]
[]
[]
[]
[]
[]
[]
[]
[]
[]
[]
[]
[]
[]
[]
[]
[]
[]
[]
[]
[]
[]
[]
[]
[]
[]
[]
[]
[]
[]
[]
[]
[]
[]
[]
[]
[]
[]
[]
[]
[]
[]
[]
[]
[]
[]
[]
[]
[]
[]
[]
[]
[]
[]
[]
[]
[]
[]
[]
[]
[]
[]
[]
[]
[]
[]
[]
[]
[]
[]
[]
[]
[]
[]
[]
[]
[]
[]
[]
[]
[]
[]
[]
[]
[]
[]
[]
[]
[]
[]
[]
[]
[]
[]
[]
[]
[]
[]
[]
[]
[]
[]
[]
[]
[]
[]
[]
[]
[]
[]
[]
[]
[]
[]
[]
[]
[]
[]
[]
[]
[]
[]
[]
[]
[]
[]
[]
[]
[]
[]
[]
[]
[]
[]
[]
[]
[]
[]
[]
[]
[]
[]
[]
[]
[]
[]
[]
[]
[]
[]
[]
[]
[]
[]
[]
[]
[]
[]
[]
[]
[]
[]
[]
[]
[]
[]
[]
[]
[]
[]
[]
[]
[]
[]
[]
[]
[]
[]
[]
[]
[]
[]
[]
[]
[]
[]
[]
[]
[]
[]
[]
[]
[]
[]
[]
[]
[]
[]
[]
[]
[]
[]
[]
[]
[]
[]
[]
[]
[]
[]
[]
[]
[]
[]
[]
[]
[]
[]
[]
[]
[]
[]
[]
[]
[]
[]
[]
[]
[]
[]
[]
[]
[]
[]
[]
[]
[]
[]
[]
[]
[]
[]
[]
[]
[]
[]
[]
[]
[]
[]
[]
[]
[]
[]
[]
[]
[]
[]
[]
[]
[]
[]
[]
[]
[]
[]
[]
[]
[]
[]
[]
[]
[]
[]
[]
[]
[]
[]
[]
[]
[]
[]
[]
[]
[]
[]
[]
[]
[]
[]
[]
[]
[]
[]
[]
[]
[]
[]
[]
[]
[]
[]
[]
[]
[]
[]
[]
[]
[]
[]
[]
[]
[]
[]
[]
[]
[]
[]
[]
[]
[]
[]
[]
[]
[]
[]
[]
[]
[]
[]
[]
[]
[]
[]
[]
[]
[]
[]
[]
[]
[]
[]
[]
[]
[]
[]
[]
[]
[]
[]
[]
[]
[]
[]
[]
[]
[]
[]
[]
[]
[]
[]
[]
[]
[]
[]
[]
[]
[]
[]
[]
[]
[]
[]
[]
[]
[]
[]
[]
[]
[]
[]
[]
[]
[]
[]
[]
[]
