[]
[881]
[179, 262]
[1, 6]
[6, 37, 102, 9]
[]
[118, 1, 42, 4, 9]
[111]
[19, 1, 21, 20, 20, 69, 20, 20, 20]
[1, 6]
[8, 3, 6, 7]
[6, 2, 8]
[5, 3, 9, 883]
[554, 675]
[13, 8, 6, 6, 303]
[37, 552, 6]
[661, 2, 225, 34]
[54, 3, 5, 32, 6, 20]
[181]
[3, 982, 2]
[19, 8, 5, 19, 32, 7, 4, 4, 16, 29, 1, 7]
[13, 3, 982, 2]
[63, 3, 5, 32, 6, 6, 20]
[63, 3, 5, 32, 6, 6, 20]
[214]
[346, 259]
[]
[888]
[6, 6, 766, 15]
[19, 8, 5, 148, 32, 4, 4, 19, 16, 29, 1, 7]
[4, 270]
[4, 236, 27]
[17, 27, 2, 8, 82, 11, 52, 12, 27]
[17, 27, 2, 97, 8, 11, 84, 52, 12, 27]
[33, 332]
[33, 332]
[33, 332]
[33, 332]
[38, 332]
[33, 332]
[33, 332]
[33, 332]
[33, 332]
[33, 332]
[33, 332]
[33, 332]
[33, 332]
[33, 332]
[652]
[1, 11, 5, 1, 7, 31, 251]
[1, 11, 631, 7, 10, 12, 31, 7, 5, 1]
[107, 118, 361, 156, 3, 54]
[683]
[3, 15]
[3, 14]
[7, 109, 48, 16, 460, 5]
[300, 94]
[2, 6, 6, 8, 3]
[6, 2, 6]
[15, 1, 5, 5, 61, 5, 5, 3, 94, 14, 61, 59, 4, 28, 15, 1]
[15, 1, 5, 5, 61, 5, 5, 3, 94, 14, 61, 59, 4, 28, 15, 1]
[1, 2, 5, 1, 5, 26, 5, 4, 4, 4, 89]
[13, 1, 5, 5, 5, 2, 5, 5, 94, 61, 27, 59, 15]
[14, 59, 1, 5, 5, 2, 5, 5, 94, 3, 19]
[3, 5, 20, 73, 1, 2, 5, 2, 3, 4, 4, 43]
[3, 20, 1, 73, 5, 2, 59, 5, 2, 2, 3, 4, 43]
[1, 2, 5, 5, 1, 5, 81, 4, 90, 15, 12, 59]
[2, 1, 5, 5, 2, 59, 5, 14, 4, 4, 4, 50]
[16]
[2, 1, 5, 5, 2, 5, 4, 4, 4, 15, 22]
[1, 2, 5, 2, 1, 5, 16, 59, 6, 4, 25, 73, 3]
[20, 5, 59, 2, 2, 5, 2, 15, 5, 5, 1, 1]
[549]
[21, 6, 107, 30, 20]
