[]
[14, 4, 171, 18]
[14, 4, 36, 18]
[1, 14, 26, 2]
[14, 27, 2, 1, 27, 27, 27]
[14, 1, 11, 3, 3, 38, 13, 1]
[14, 1, 36, 3, 11, 3, 13, 1]
[5, 38, 3]
[4, 3, 31, 3, 32, 2, 1, 3, 1]
[25, 3, 31, 12, 1, 18, 37, 3, 9]
[27, 22, 5, 53, 9]
[2, 3, 1, 2, 1, 5, 10, 4, 13, 10, 7, 22, 2, 11, 1, 5, 12, 27, 2, 3, 26, 1, 1, 1, 29, 8]
[9, 6, 5, 6, 42, 4, 5, 3]
[6, 3, 30]
[29, 3, 6, 2, 4]
[4, 5, 10]
[4, 29, 6, 7, 8, 16, 27, 69, 3, 22, 28]
[9, 56, 7, 3]
[9, 7, 3, 53]
[9, 7, 3, 53]
[9, 7, 3, 56]
[9, 7, 3, 53]
[56, 7, 2, 9, 3]
[7, 2, 9, 3, 53]
[7, 56, 2, 9, 3]
[7, 2, 9, 3, 53]
[2, 2, 1, 3, 100, 8]
[3, 20, 20]
[3, 24, 7]
[3, 7]
[3, 24, 24, 14, 7, 27, 24]
[3, 24, 24, 14, 7, 27, 24]
[3, 24, 24, 14, 7, 27, 24]
[3, 24, 7]
[3, 24, 24, 14, 7, 27, 24]
[3, 24, 24, 14, 7, 27, 24]
[3, 24, 24, 14, 7, 27, 24]
[3, 24, 24, 14, 7, 27, 24]
[3, 24, 24, 14, 7, 27, 24]
[3, 24, 24, 14, 7, 27, 24]
[3, 24, 24, 14, 7, 27, 24]
[3, 7]
[3, 24, 9, 3]
[9, 3, 24, 3]
[3, 9, 3]
[3, 24, 14, 24, 3, 9, 27, 24]
[3, 24, 14, 24, 3, 9, 27, 24]
[9, 3, 24, 3]
[3, 24, 14, 24, 3, 9, 27, 24]
[9, 3, 24, 3]
[3, 24, 14, 24, 3, 9, 27, 24]
[3, 24, 14, 24, 3, 9, 27, 24]
[3, 24, 14, 24, 3, 9, 27, 24]
[3, 24, 14, 24, 3, 9, 27, 24]
[3, 24, 14, 24, 3, 9, 27, 24]
[3, 24, 14, 24, 3, 9, 27, 24]
[3, 24, 14, 24, 3, 9, 27, 24]
[3, 24, 14, 24, 3, 9, 27, 24]
[3, 24, 14, 24, 3, 9, 27, 24]
[3, 9, 3]
[3, 9, 3]
[5, 4, 14]
[3, 5, 100]
[28, 10, 97, 96, 2, 67, 19, 24, 47, 11, 6, 94, 2, 29, 11, 1]
[28, 10, 97, 96, 2, 16, 19, 24, 47, 11, 6, 94, 2, 29, 11, 1]
[28, 10, 97, 96, 2, 19, 24, 47, 11, 6, 94, 2, 94, 67, 29, 96, 11, 1]
[28, 10, 97, 96, 2, 16, 19, 24, 47, 11, 6, 94, 2, 94, 29, 96, 11, 1]
[4, 4, 3, 56, 11, 6, 3, 1]
[4, 56, 3, 6, 1, 6, 3]
[4, 6, 3, 1, 6, 3, 53]
[4, 6, 3, 56, 1, 6, 3]
[4, 6, 3, 1, 6, 3, 53]
[4, 56, 3, 6, 1, 6, 3]
[4, 6, 3, 1, 6, 3, 53]
[4, 6, 3, 56, 1, 6, 3]
[4, 6, 3, 1, 6, 3, 53]
[4, 56, 3, 6, 1, 6, 3]
[4, 6, 3, 1, 6, 3, 53]
[4, 6, 56, 3, 1, 6, 3]
[4, 6, 3, 1, 6, 3, 53]
[2, 1, 56, 1, 8, 3, 7]
[2, 1, 1, 8, 3, 7, 53]
[2, 1, 56, 1, 8, 3, 7]
[2, 1, 1, 8, 3, 7, 53]
[2, 1, 56, 1, 8, 3, 7]
[2, 1, 1, 8, 3, 7, 53]
[2, 1, 56, 1, 8, 3, 7]
[2, 1, 1, 8, 3, 7, 53]
[56, 11, 38, 3, 11]
[56, 11, 4, 3, 11]
[11, 7]
[56, 11, 3, 7]
[56, 7, 3, 11, 4]
[7, 3, 11, 53, 4]
[56, 7, 3, 11, 4]
[56, 7, 3, 11, 4]
[7, 3, 11, 53, 4]
[7, 3, 11, 53, 4]
[56, 7, 3, 3, 11]
[7, 3, 3, 11, 53]
[56, 7, 3, 3, 11]
[7, 3, 3, 11, 53]
[56]
[56]
[27, 26, 26, 82, 100, 36, 11, 28, 1, 51]
[27, 26, 26, 100, 36, 11, 84, 28, 1, 51]
[97, 27, 26, 26, 100, 36, 11, 28, 1, 51]
[27, 26, 26, 82, 100, 36, 11, 28, 1, 51]
[27, 26, 26, 100, 36, 11, 84, 28, 1, 51]
[97, 27, 26, 26, 100, 36, 11, 28, 1, 51]
[27, 26, 26, 82, 100, 36, 11, 28, 1, 51]
[27, 26, 26, 100, 36, 11, 84, 28, 1, 51]
[97, 27, 26, 26, 100, 36, 11, 28, 1, 51]
[27, 26, 26, 82, 100, 36, 11, 28, 1, 51]
[27, 26, 26, 100, 36, 11, 84, 28, 1, 51]
[97, 27, 26, 26, 100, 36, 11, 28, 1, 51]
[27, 26, 26, 82, 100, 36, 11, 28, 1, 51]
[27, 26, 26, 100, 36, 11, 84, 28, 1, 51]
[97, 27, 26, 26, 100, 36, 11, 28, 1, 51]
[27, 26, 26, 82, 100, 36, 11, 28, 1, 51]
[27, 26, 26, 100, 36, 11, 84, 28, 1, 51]
[97, 27, 26, 26, 100, 36, 11, 28, 1, 51]
[27, 26, 26, 82, 100, 36, 11, 28, 1, 51]
[27, 26, 26, 100, 36, 11, 84, 28, 1, 51]
[97, 27, 26, 26, 100, 36, 11, 28, 1, 51]
[27, 26, 26, 82, 100, 36, 11, 28, 1, 51]
[27, 26, 26, 100, 36, 11, 84, 28, 1, 51]
[97, 27, 26, 26, 100, 36, 11, 28, 1, 51]
[100, 27, 26, 26, 82, 36, 51, 28, 1]
[100, 27, 26, 26, 36, 51, 84, 28, 1]
[100, 97, 27, 26, 26, 36, 51, 28, 1]
[100, 27, 26, 26, 82, 36, 11, 28, 1, 51]
[100, 27, 26, 26, 36, 11, 84, 28, 1, 51]
[100, 97, 27, 26, 26, 36, 11, 28, 1, 51]
[27, 26, 26, 82, 100, 36, 11, 28, 1, 51]
[27, 26, 26, 100, 36, 11, 84, 28, 1, 51]
[97, 27, 26, 26, 100, 36, 11, 28, 1, 51]
[27, 26, 26, 82, 100, 36, 11, 28, 1, 51]
[27, 26, 26, 100, 36, 11, 84, 28, 1, 51]
[97, 27, 26, 26, 100, 36, 11, 28, 1, 51]
[100, 27, 26, 26, 82, 36, 11, 28, 1, 51]
[100, 27, 26, 26, 36, 11, 84, 28, 1, 51]
[97, 27, 26, 26, 100, 36, 11, 28, 1, 51]
[27, 26, 26, 82, 36, 11, 28, 1, 51]
[27, 26, 26, 36, 11, 84, 28, 1, 51]
[97, 27, 26, 26, 36, 11, 28, 1, 51]
[27, 26, 26, 82, 100, 36, 11, 28, 1, 51]
[27, 26, 26, 100, 36, 11, 84, 28, 1, 51]
[97, 27, 26, 26, 100, 36, 11, 28, 1, 51]
[27, 26, 26, 82, 100, 36, 11, 28, 1, 51]
[27, 26, 26, 100, 36, 11, 84, 28, 1, 51]
[97, 27, 26, 26, 100, 36, 11, 28, 1, 51]
[27, 26, 26, 82, 100, 36, 11, 28, 1, 51]
[27, 26, 26, 100, 36, 11, 84, 28, 1, 51]
[97, 27, 26, 26, 100, 36, 11, 28, 1, 51]
[27, 26, 26, 82, 100, 36, 11, 28, 1, 51]
[27, 26, 26, 100, 36, 11, 84, 28, 1, 51]
[97, 27, 26, 26, 100, 36, 11, 28, 1, 51]
[100, 27, 26, 26, 82, 36, 11, 28, 1, 51]
[100, 27, 26, 26, 36, 11, 84, 28, 1, 51]
[100, 97, 27, 26, 26, 36, 11, 28, 1, 51]
[27, 26, 26, 82, 100, 36, 11, 28, 1, 51]
[27, 26, 26, 100, 36, 11, 84, 28, 1, 51]
[97, 27, 26, 26, 100, 36, 11, 28, 1, 51]
[27, 26, 26, 82, 100, 36, 11, 28, 1, 51]
[27, 26, 26, 100, 36, 11, 84, 28, 1, 51]
[97, 27, 26, 26, 100, 36, 11, 28, 1, 51]
[27, 26, 26, 82, 100, 11, 28, 1, 51]
[27, 26, 26, 100, 11, 84, 28, 1, 51]
[97, 27, 26, 26, 100, 11, 28, 1, 51]
[27, 26, 26, 82, 100, 36, 11, 28, 1, 51]
[27, 26, 26, 100, 36, 11, 84, 28, 1, 51]
[97, 27, 26, 26, 100, 36, 11, 28, 1, 51]
[27, 26, 26, 82, 100, 36, 11, 1, 51]
[27, 26, 26, 100, 36, 11, 84, 1, 51]
[97, 27, 26, 26, 100, 36, 11, 1, 51]
[27, 26, 26, 82, 100, 36, 11, 28, 1]
[27, 26, 26, 100, 36, 11, 84, 28, 1]
[97, 27, 26, 26, 100, 36, 11, 28, 1]
[27, 26, 82, 100, 36, 11, 28, 1, 51]
[27, 26, 100, 36, 11, 84, 28, 1, 51]
[97, 27, 26, 100, 36, 11, 28, 1, 51]
[27, 26, 26, 82, 100, 36, 11, 28, 1, 51]
[27, 26, 26, 100, 36, 11, 84, 28, 1, 51]
[97, 27, 26, 26, 100, 36, 11, 28, 1, 51]
[26, 26, 82, 100, 36, 11, 28, 1, 51]
[26, 26, 100, 36, 11, 84, 28, 1, 51]
[97, 26, 26, 100, 36, 11, 28, 1, 51]
[27, 26, 82, 100, 36, 11, 28, 1, 51]
[27, 26, 100, 36, 11, 84, 28, 1, 51]
[97, 27, 26, 100, 36, 11, 28, 1, 51]
[27, 26, 26, 100, 82, 36, 51, 28, 1]
[27, 26, 26, 100, 36, 51, 84, 28, 1]
[97, 27, 26, 26, 100, 36, 51, 28, 1]
[27, 26, 26, 82, 36, 11, 28, 1, 51]
[27, 26, 26, 36, 11, 84, 28, 1, 51]
[97, 27, 26, 26, 36, 11, 28, 1, 51]
[]
[2, 14, 10, 31, 24, 2, 12, 1]
[31, 1, 26, 5, 1, 4, 5]
[37, 31, 4, 5, 11, 9]
[32, 31, 4, 5, 11, 9]
[17, 1, 1, 37, 31, 4, 9, 5]
[17, 1, 1, 31, 4, 9, 5, 35]
[17, 30, 1, 1, 31, 4, 9, 5]
[5, 1, 1, 31, 4, 9, 5, 42]
[25, 3, 31, 12, 37, 9]
[14, 2, 4, 2, 4, 14, 1]
[14, 2, 4, 2, 11, 4, 1]
[17, 11, 15, 13, 4, 3, 1, 10, 3, 1, 31, 3, 1, 29, 15, 1, 1]
[6, 14, 10, 5, 1, 10, 1, 4, 26]
[6, 14, 10, 5, 1, 10, 1, 4, 12]
[2, 9, 25, 8, 1, 21, 14, 12, 836, 1, 28, 7, 27, 2, 44]
[12, 2, 1183]
[2, 535, 9, 25, 8, 1, 21, 14, 12, 1, 28, 7, 27, 2, 44]
[2, 9, 25, 8, 1, 21, 590, 14, 12, 1, 28, 7, 27, 2, 44]
[4, 33, 3, 31, 8, 18, 18, 18, 3, 9]
[17, 11, 15, 13, 4, 3, 1, 10, 3, 1, 31, 3, 1, 29, 15, 1, 1]
[17, 11, 15, 13, 4, 3, 1, 10, 3, 1, 31, 3, 1, 15, 1, 27, 1]
[35, 3, 39, 31, 11, 1, 1, 18, 37, 3, 9]
[19, 6, 40, 389, 11]
[19, 6, 375, 40, 11]
[14, 19, 20, 6, 40, 11]
[384, 19, 6, 40, 11]
[14, 19, 20, 6, 40, 11]
[14, 19, 20, 6, 40, 11]
[14, 19, 20, 6, 40, 11]
[25, 3, 31, 12, 1, 18, 37, 3, 9]
[5, 5, 31, 56, 5]
[4, 5, 31, 28, 5]
[36, 2, 4, 31, 5]
[25, 3, 31, 12, 1, 18, 37, 3, 9]
[4, 3, 31, 8, 18, 42, 18, 18, 3, 9]
[30, 9, 22]
[9, 1, 4, 54, 1, 5, 3, 10, 31, 2, 1, 9, 1]
[9, 1, 4, 1, 5, 3, 10, 31, 2, 1, 12, 9, 55, 1]
[9, 1, 4, 1, 5, 3, 10, 31, 2, 1, 9, 55, 1]
[9, 1, 4, 1, 5, 3, 10, 31, 2, 1, 12, 9, 55, 1]
[9, 1, 4, 1, 5, 3, 10, 31, 73, 1, 2, 12, 9, 1]
[4, 33, 3, 11, 31, 1, 18, 18, 18, 3]
[4, 33, 3, 31, 11, 1, 18, 18, 3]
[73, 3, 31, 11, 1, 18, 3, 39]
[3, 31, 11, 56, 1, 18, 90, 3]
[37, 3, 31, 11, 12, 1, 18, 105, 3, 9]
[5, 1, 1, 5, 31, 5, 2, 1, 12, 251, 3, 1]
[5, 1, 185, 1, 5, 31, 5, 2, 1, 12, 3, 1]
[9, 1, 1, 5, 3, 21, 31, 2, 1, 81, 5, 1]
[9, 1, 1, 116, 5, 3, 21, 31, 2, 1, 5, 1]
[9, 1, 1, 5, 3, 21, 31, 2, 1, 5, 81, 1]
[9, 1, 1, 116, 5, 3, 21, 31, 2, 1, 5, 1]
[9, 1, 116, 1, 5, 3, 21, 31, 2, 1, 5, 1]
[9, 1, 1, 5, 3, 21, 116, 31, 2, 1, 5, 1]
[40, 19, 7, 3, 18, 11, 11]
[25, 3, 31, 12, 1, 18, 37, 3, 9]
[]
[]
[84, 2, 8, 12]
[12, 2, 8, 82]
[97, 2, 8, 12]
[1, 4, 19, 5, 5, 1]
[2, 4, 18, 5, 5, 1]
[1, 2, 4, 5, 5, 18]
[5, 4, 18, 5]
[5, 4, 5, 21]
[5, 17, 48, 5]
[4, 6, 28, 2]
[4, 18, 6, 15, 13]
[4, 15, 16, 6, 13]
[4, 16, 14, 6, 13]
[4, 6, 23, 13]
[4, 6, 22, 13]
[4, 18, 6, 12, 13]
[4, 6, 12, 13, 16]
[4, 6, 18, 13]
[4, 6, 13, 18]
[4, 6, 29]
[4, 6, 24]
[4, 6, 21]
[4, 6, 19]
[4, 6, 17]
[4, 16, 6, 6, 19]
[4, 6, 6, 18]
[4, 6, 6, 17]
[4, 6, 6, 26]
[4, 6, 18]
[4, 6, 29, 3]
[4, 6, 3, 26]
[4, 21]
[4, 19]
[4, 17]
[20]
[5, 19, 3]
[19]
[17]
[3, 13, 4, 9]
[3, 13, 4, 9]
[3, 4, 9, 13]
[13, 3, 4, 9]
[13, 3, 4, 9]
[13, 3, 4, 9]
[14, 3, 4, 9]
[3, 4, 9, 14]
[14, 3, 4, 9]
[14, 3, 4, 9]
[14, 3, 4, 9]
[3, 4, 14, 9]
[3, 4, 14, 9]
[3, 4, 9, 14]
[14, 3, 4, 9]
[14, 3, 4, 9]
[3, 4, 9, 14]
[6, 33, 4, 3]
[15, 3, 4]
[7, 3, 4, 110]
[4, 3, 7, 37]
[3, 4, 15]
[4, 37, 3, 7]
[183, 4, 3, 7]
[7, 3, 291, 4]
[3, 7, 4, 157]
[15, 3, 4]
[7, 3, 4, 37]
[7, 3, 289, 4]
[7, 3, 4, 141]
[15, 3, 4]
[3, 109, 4, 7]
[15, 3, 4]
[7, 37, 3, 4]
[3, 4, 15]
[33, 3, 4, 7]
[7, 3, 4, 139]
[7, 3, 167, 4]
[3, 4, 15]
[15, 3, 4]
[37, 7, 3, 4]
[3, 4, 15]
[3, 15, 4]
[15, 3, 4]
[3, 105, 4, 7]
[3, 4, 15]
[7, 3, 4, 182]
[7, 3, 4, 94]
[6, 6, 3, 11, 29, 5, 3]
[8, 17, 3]
[185, 7, 11, 12, 223, 34, 143]
[7, 41]
[134, 7, 3, 11]
[7, 7, 15]
[3, 6, 26, 13, 5]
[9, 84, 2, 15]
[9, 2, 15, 82]
[9, 97, 2, 15]
[9, 84, 2]
[9, 2, 82]
[9, 97, 2]
[9, 11, 84, 2]
[9, 11, 2, 82]
[9, 11, 2, 97]
[9, 84, 5, 2]
[9, 5, 2, 82]
[9, 97, 5, 2]
[4, 84, 2, 12]
[4, 82, 2, 12]
[4, 97, 2, 12]
[2, 7, 3, 82, 7, 9]
[2, 7, 3, 7, 84, 9]
[2, 3, 7, 84, 7, 9]
[2, 3, 82, 7, 7, 9]
[2, 97, 3, 7, 7, 9]
[2, 7, 97, 3, 7, 9]
[2, 7, 82, 7, 7, 9]
[2, 7, 7, 84, 7, 9]
[2, 7, 97, 7, 7, 9]
[7, 3, 4, 13, 26, 2]
[19, 7]
[4, 3, 11]
[4, 7, 8, 15, 3]
[4, 7, 15, 8, 3]
[4, 7, 8, 3, 15]
[4, 7, 8, 15, 3]
[4, 7, 15, 8, 3]
[4, 7, 15, 8, 3]
[4, 7, 8, 15, 3]
[4, 9, 7]
[8, 84, 6, 2]
[8, 6, 2, 82]
[8, 97, 6, 2]
[6, 42]
[5, 25, 10, 11, 4]
[8, 9, 1, 25, 9, 9, 4]
[1, 8, 9, 25, 9, 9, 4]
[5, 6, 8, 21, 22, 6]
[8, 49, 7, 4]
[27, 7, 19]
[139, 7, 19]
[4, 32, 13, 4, 1, 7, 102, 3, 6, 1]
[2, 689, 15, 55, 471]
[2, 689, 15, 470, 55]
[469, 2, 689, 15, 55]
[2, 689, 15, 55, 468]
[34, 2, 239, 360]
[2, 108, 34, 235, 509, 213]
[243, 2, 34, 165, 273, 325]
[2, 3, 16]
[2, 16]
[17, 2, 22, 5, 7, 18, 11, 12, 10]
[22, 2, 12, 7, 5, 11, 10, 18, 17]
[44, 5]
[19]
[34]
[32]
[71, 8]
[28]
[11, 10, 5, 25]
[42]
[23]
[31]
[25]
[30]
[28]
[32]
[32]
[21]
[19, 8, 5]
[21]
[24]
[17]
[24]
[12]
[25, 9]
[11]
[27]
[5, 12]
[4, 7, 2, 97, 2, 33, 10, 5, 22]
[4, 7, 2, 27, 2, 103, 10, 20, 5]
[6, 20]
[4, 6, 27]
[6, 20]
[6, 6, 21]
[6, 6, 30]
[6, 25, 6]
[3, 4, 12, 3, 7, 15]
[20, 42]
[31, 9, 16]
[10, 7, 36, 8, 46]
[10, 37, 7, 48, 8]
[10, 7, 49, 37, 8]
[10, 7, 49, 37, 8]
[10, 47, 7, 36, 8]
[10, 7, 36, 47, 8]
[10, 7, 37, 49, 8]
[10, 36, 7, 47, 8]
[10, 47, 7, 8, 36]
[10, 7, 37, 49, 8]
[10, 7, 49, 8, 37]
[10, 7, 47, 36, 8]
[10, 7, 47, 36, 8]
[10, 7, 37, 48, 8]
[37, 10, 7, 49, 8]
[10, 8, 7, 37, 49]
[10, 7, 49, 37, 8]
[10, 7, 47, 36, 8]
[10, 7, 36, 6, 47]
[10, 47, 7, 6, 36]
[11, 84, 2, 4]
[11, 2, 4, 82]
[11, 97, 2, 4]
[15, 3]
[61, 25, 4]
[88, 4]
[4, 88]
[32, 4, 1]
[4, 45]
[4, 45]
[45, 4]
[33, 4]
[33, 4]
[37, 4]
[20, 4]
[19, 4]
[19, 8]
[10, 2, 47, 2, 1]
[10, 2, 2, 47, 1]
[10, 2, 2, 47, 1]
[1, 10, 2, 2, 48]
[10, 2, 47, 2, 1]
[48, 10, 2, 2, 1]
[10, 2, 84, 2]
[10, 2, 2, 82]
[10, 2, 11, 2, 37]
[10, 2, 37, 11, 2]
[10, 2, 2, 97]
[2, 84, 2, 7]
[82, 2, 2, 7]
[2, 2, 97, 7]
[61, 19, 4, 13, 7]
[13, 61, 19, 4, 7]
[9, 5, 25, 10, 11]
[6, 2, 8, 3]
[10, 25, 2, 10, 5, 6, 17, 15, 16, 21, 42, 15, 9, 3, 6]
[2, 6, 6, 6, 18]
[6, 2, 8]
[10, 25, 2, 10, 5, 6, 17, 15, 16, 21, 42, 15, 9, 6]
[22, 2, 12, 7, 6, 5, 11, 10, 18, 17]
[5, 5, 40, 6, 20, 5, 6, 4]
[4, 5, 38]
[8, 2, 6]
[2, 6, 2]
[7, 20]
[19, 7]
[7, 18]
[17, 7]
[23, 7]
[23, 7]
[23, 7]
[23, 7]
[23, 7]
[23, 7]
[7, 23]
[7, 23]
[7, 23]
[23, 7]
[7, 23]
[7, 29]
[7, 23]
[7, 54, 44, 4, 18, 2, 2]
[7, 15, 54, 4, 18, 2, 2]
[7, 27, 2, 54, 4, 18, 2]
[2, 7, 24, 54, 4, 18, 2]
[31, 2, 7, 54, 4, 18, 2]
[20, 2, 7, 4, 70, 2]
[2, 7, 54, 4, 18, 2, 14]
[10, 7, 4, 70, 2]
[25, 2, 7, 54, 4, 18, 2]
[2, 7, 4, 70, 39, 2]
[7, 54, 4, 2, 18, 2, 30]
[7, 54, 2, 4, 18, 2, 31]
[2, 7, 9, 54, 4, 18, 2]
[2, 7, 54, 4, 18, 2, 36]
[2, 7, 20, 54, 4, 18, 2]
[2, 7, 54, 4, 18, 2, 21]
[36, 7, 54, 4, 18, 2, 2]
[7, 34, 2, 54, 4, 18, 2]
[7, 54, 2, 4, 18, 16, 2]
[7, 14, 54, 2, 4, 18, 2]
[2, 2, 7, 54, 4, 18, 40]
[2, 7, 54, 4, 18, 2, 36]
[2, 27, 7, 54, 4, 18, 2]
[2, 29, 7, 2, 4, 54, 18]
[2, 7, 9, 4, 54, 18]
[2, 2, 7, 4, 54, 18, 13]
[4, 7, 32, 2, 2, 18]
[4, 7, 32, 2, 2, 19]
[4, 7, 2, 2, 48]
[4, 7, 2, 2, 49]
[4, 7, 2, 2, 49]
[4, 7, 2, 2, 46]
[4, 7, 2, 2, 48]
[4, 7, 32, 2, 2, 20]
[46, 4, 7, 2, 2]
[32, 4, 7, 2, 2, 19]
[47, 4, 7, 2, 2]
[47, 4, 7, 2, 2]
[4, 7, 47, 2, 2]
[4, 7, 2, 2, 47]
[4, 7, 32, 2, 2, 19]
[4, 7, 2, 24, 2]
[2, 4, 7, 19]
[45, 2, 4, 7, 2]
[46, 4, 7, 2, 2]
[4, 7, 2, 2, 34]
[37, 2, 4, 7, 2]
[4, 7, 2, 2, 31]
[34, 2, 4, 7, 2]
[4, 7, 2, 34, 2]
[4, 7, 2, 2, 40]
[27, 4, 7, 2, 2]
[26, 4, 7, 2, 2]
[4, 7, 2, 38, 2]
[4, 7, 2, 2, 32]
[4, 7, 2, 2, 32]
[4, 7, 2, 2, 31]
[4, 7, 2, 31, 2]
[4, 7, 2, 2, 17, 32]
[49, 4, 7, 2, 2]
[4, 7, 2, 2, 49]
[4, 7, 2, 33, 2]
[32, 4, 7, 2, 2]
[4, 7, 2, 32, 2]
[4, 7, 2, 30, 2]
[26, 2, 4, 7, 2]
[4, 7, 2, 25, 2]
[4, 7, 2, 23, 2]
[22, 4, 7, 2, 2]
[4, 7, 2, 2, 21]
[4, 7, 2, 2, 20]
[4, 7, 2, 2, 18]
[4, 7, 2, 2, 17]
[18, 2, 4, 7]
[17, 2, 4, 7]
[18, 4, 7]
[17, 4, 7]
[7, 21]
[20, 7]
[7, 19]
[7, 10, 70]
[7, 18]
[54, 7, 18, 9]
[16, 7]
[24]
[54, 15, 18]
[15, 70]
[22]
[13, 54, 18]
[21]
[20]
[54, 11, 18]
[19]
[2, 16, 3, 6, 3]
[4, 2, 16, 6, 3]
[4, 3, 19, 3, 2, 10, 2, 1, 3, 1, 10, 3, 3, 8, 3]
[1, 3, 3, 1, 4, 2, 2, 1, 44, 31, 3, 7, 3, 4, 1, 19, 3, 1, 3, 10, 3]
[1, 10, 3, 31, 2, 3, 19, 10, 3, 39]
[19, 10, 12, 1, 3, 31, 2, 3, 3, 6, 33, 6, 1]
[19, 71, 10, 1, 3, 31, 2, 3, 3, 6, 6, 1]
[19, 10, 1, 3, 31, 14, 3, 3, 2, 6, 6, 1]
[19, 10, 1, 3, 102, 31, 2, 3, 3, 6, 6, 1]
[19, 10, 1, 3, 82, 31, 2, 3, 3, 6, 6, 1]
[19, 10, 1, 3, 31, 2, 83, 3, 3, 6, 6, 1]
[19, 10, 1, 3, 31, 2, 3, 3, 6, 62, 6, 1]
[19, 1, 10, 1, 3, 31, 2, 3, 3, 6, 6, 28]
[19, 10, 1, 16, 3, 31, 2, 3, 3, 6, 6, 1]
[19, 1, 10, 1, 3, 31, 2, 3, 3, 6, 6, 48]
[19, 10, 1, 9, 3, 31, 2, 3, 3, 6, 6, 1]
[1, 11, 5, 3, 2, 5, 3, 19, 3]
[1, 26, 9, 23, 4, 5, 3, 31, 2, 3, 19, 3]
[1, 26, 9, 4, 5, 3, 31, 2, 3, 28, 19, 3]
[1, 26, 9, 4, 5, 3, 31, 2, 3, 31, 19, 3]
[1, 26, 9, 4, 38, 5, 3, 31, 2, 3, 19, 3]
[1, 26, 9, 46, 4, 5, 3, 31, 2, 3, 19, 3]
[1, 26, 9, 44, 4, 5, 3, 31, 2, 3, 19, 3]
[1, 9, 8, 4, 5, 3, 2, 3, 19, 3]
[1, 9, 8, 4, 5, 3, 2, 3, 19, 3]
[1, 26, 9, 4, 48, 5, 3, 31, 2, 3, 19, 3]
[1, 26, 47, 9, 4, 5, 3, 31, 2, 3, 19, 3]
[1, 26, 9, 4, 5, 3, 31, 2, 3, 19, 3, 37]
[1, 26, 9, 4, 41, 5, 3, 31, 2, 3, 19, 3]
[1, 26, 9, 4, 5, 3, 31, 2, 3, 45, 19, 3]
[1, 26, 9, 4, 42, 5, 3, 31, 2, 3, 19, 3]
[1, 26, 9, 4, 5, 3, 43, 31, 3, 2, 19, 3]
[1, 26, 9, 4, 5, 3, 31, 2, 3, 33, 19, 3]
[1, 26, 9, 4, 5, 3, 32, 31, 2, 3, 19, 3]
[1, 9, 4, 5, 3, 31, 2, 3, 26, 19, 3]
[1, 1, 31, 19, 3, 2, 1, 3, 27, 4, 3]
[1, 1, 31, 1, 19, 3, 2, 3, 27, 4, 3]
[1, 31, 19, 3, 2, 3, 3, 27, 4, 1]
[3, 19, 9, 2, 3, 3]
[10, 31, 2, 12, 3, 10]
[10, 31, 2, 20, 12, 3]
[10, 31, 2, 19, 12, 3]
[10, 31, 2, 20, 12, 3]
[10, 31, 2, 19, 12, 3]
[10, 2, 58, 12, 3]
[2, 1, 4, 12, 40, 1]
[2, 1, 4, 12, 38, 1]
[2, 1, 4, 28, 12, 1]
[18, 19, 12, 57, 9, 13]
[5, 24, 4, 33, 8, 10, 13]
[74]
[25]
[25]
[127]
[84]
[82]
[97]
[1, 25, 1]
[64]
[27]
[36]
[74]
[35]
[39]
[17]
[16]
[4, 3, 37, 8, 18, 42, 18, 1, 18, 3, 9]
[4, 33, 3, 31, 8, 18, 18, 18, 3, 9]
[35, 3, 31, 12, 1, 18, 37, 25, 3, 9]
[]
[273, 212]
[212, 270]
[623]
[127, 178, 226]
[105, 174]
